[6, 0, 0, 223]
[6, 0, 1, 1820]
[6, 0, 2, 116]
[6, 0, 4, 2043]
[6, 0, 5, 339]
[6, 0, 6, 223]
[6, 0, 7, 1936]
[6, 0, 8, 1820]
[6, 0, 9, 116]
[6, 0, 10, 2159]
[6, 0, 11, 2043]
[6, 0, 12, 339]
[6, 0, 13, 1936]
[6, 0, 14, 2159]
[6, 1, 0, 151]
[6, 1, 1, 2548]
[6, 1, 2, 188]
[6, 1, 3, 101]
[6, 1, 4, 2699]
[6, 1, 5, 339]
[6, 1, 6, 252]
[6, 1, 7, 2736]
[6, 1, 8, 2649]
[6, 1, 9, 289]
[6, 1, 10, 2887]
[6, 1, 11, 2800]
[6, 1, 12, 440]
[6, 1, 13, 2837]
[6, 1, 14, 2988]
[6, 2, 0, 2]
[6, 2, 1, 1299]
[6, 2, 2, 323]
[6, 2, 4, 1301]
[6, 2, 5, 325]
[6, 2, 6, 2]
[6, 2, 7, 1622]
[6, 2, 8, 1299]
[6, 2, 9, 323]
[6, 2, 10, 1624]
[6, 2, 11, 1301]
[6, 2, 12, 325]
[6, 2, 13, 1622]
[6, 2, 14, 1624]
[6, 3, 0, 1250]
[6, 3, 1, 4030]
[6, 3, 4, 5280]
[6, 3, 5, 1250]
[6, 3, 6, 1250]
[6, 3, 7, 4030]
[6, 3, 8, 4030]
[6, 3, 10, 5280]
[6, 3, 11, 5280]
[6, 3, 12, 1250]
[6, 3, 13, 4030]
[6, 3, 14, 5280]
[6, 4, 0, 374]
[6, 4, 1, 4368]
[6, 4, 2, 304]
[6, 4, 3, 101]
[6, 4, 4, 4742]
[6, 4, 5, 678]
[6, 4, 6, 475]
[6, 4, 7, 4672]
[6, 4, 8, 4469]
[6, 4, 9, 405]
[6, 4, 10, 5046]
[6, 4, 11, 4843]
[6, 4, 12, 779]
[6, 4, 13, 4773]
[6, 4, 14, 5147]
[6, 5, 0, 225]
[6, 5, 1, 3119]
[6, 5, 2, 439]
[6, 5, 4, 3344]
[6, 5, 5, 664]
[6, 5, 6, 225]
[6, 5, 7, 3558]
[6, 5, 8, 3119]
[6, 5, 9, 439]
[6, 5, 10, 3783]
[6, 5, 11, 3344]
[6, 5, 12, 664]
[6, 5, 13, 3558]
[6, 5, 14, 3783]
[6, 6, 0, 1473]
[6, 6, 1, 5850]
[6, 6, 2, 116]
[6, 6, 4, 7323]
[6, 6, 5, 1589]
[6, 6, 6, 1473]
[6, 6, 7, 5966]
[6, 6, 8, 5850]
[6, 6, 9, 116]
[6, 6, 10, 7439]
[6, 6, 11, 7323]
[6, 6, 12, 1589]
[6, 6, 13, 5966]
[6, 6, 14, 7439]
[6, 7, 0, 153]
[6, 7, 1, 3847]
[6, 7, 2, 511]
[6, 7, 3, 101]
[6, 7, 4, 4000]
[6, 7, 5, 664]
[6, 7, 6, 254]
[6, 7, 7, 4358]
[6, 7, 8, 3948]
[6, 7, 9, 612]
[6, 7, 10, 4511]
[6, 7, 11, 4101]
[6, 7, 12, 765]
[6, 7, 13, 4459]
[6, 7, 14, 4612]
[6, 8, 0, 1401]
[6, 8, 1, 6578]
[6, 8, 2, 188]
[6, 8, 3, 101]
[6, 8, 4, 7979]
[6, 8, 5, 1589]
[6, 8, 6, 1502]
[6, 8, 7, 6766]
[6, 8, 8, 6679]
[6, 8, 9, 289]
[6, 8, 10, 8167]
[6, 8, 11, 8080]
[6, 8, 12, 1690]
[6, 8, 13, 6867]
[6, 8, 14, 8268]
[6, 9, 0, 1252]
[6, 9, 1, 5329]
[6, 9, 2, 323]
[6, 9, 4, 6581]
[6, 9, 5, 1575]
[6, 9, 6, 1252]
[6, 9, 7, 5652]
[6, 9, 8, 5329]
[6, 9, 9, 323]
[6, 9, 10, 6904]
[6, 9, 11, 6581]
[6, 9, 12, 1575]
[6, 9, 13, 5652]
[6, 9, 14, 6904]
[6, 10, 0, 376]
[6, 10, 1, 5667]
[6, 10, 2, 627]
[6, 10, 3, 101]
[6, 10, 4, 6043]
[6, 10, 5, 1003]
[6, 10, 6, 477]
[6, 10, 7, 6294]
[6, 10, 8, 5768]
[6, 10, 9, 728]
[6, 10, 10, 6670]
[6, 10, 11, 6144]
[6, 10, 12, 1104]
[6, 10, 13, 6395]
[6, 10, 14, 6771]
[6, 11, 0, 1624]
[6, 11, 1, 8398]
[6, 11, 2, 304]
[6, 11, 3, 101]
[6, 11, 4, 10022]
[6, 11, 5, 1928]
[6, 11, 6, 1725]
[6, 11, 7, 8702]
[6, 11, 8, 8499]
[6, 11, 9, 405]
[6, 11, 10, 10326]
[6, 11, 11, 10123]
[6, 11, 12, 2029]
[6, 11, 13, 8803]
[6, 11, 14, 10427]
[6, 12, 0, 1475]
[6, 12, 1, 7149]
[6, 12, 2, 439]
[6, 12, 4, 8624]
[6, 12, 5, 1914]
[6, 12, 6, 1475]
[6, 12, 7, 7588]
[6, 12, 8, 7149]
[6, 12, 9, 439]
[6, 12, 10, 9063]
[6, 12, 11, 8624]
[6, 12, 12, 1914]
[6, 12, 13, 7588]
[6, 12, 14, 9063]
[6, 13, 0, 1403]
[6, 13, 1, 7877]
[6, 13, 2, 511]
[6, 13, 3, 101]
[6, 13, 4, 9280]
[6, 13, 5, 1914]
[6, 13, 6, 1504]
[6, 13, 7, 8388]
[6, 13, 8, 7978]
[6, 13, 9, 612]
[6, 13, 10, 9791]
[6, 13, 11, 9381]
[6, 13, 12, 2015]
[6, 13, 13, 8489]
[6, 13, 14, 9892]
[6, 14, 0, 1626]
[6, 14, 1, 9697]
[6, 14, 2, 627]
[6, 14, 3, 101]
[6, 14, 4, 11323]
[6, 14, 5, 2253]
[6, 14, 6, 1727]
[6, 14, 7, 10324]
[6, 14, 8, 9798]
[6, 14, 9, 728]
[6, 14, 10, 11950]
[6, 14, 11, 11424]
[6, 14, 12, 2354]
[6, 14, 13, 10425]
[6, 14, 14, 12051]
[0, 0, 0, 152]
[0, 0, 1, 1218]
[0, 0, 2, 77]
[0, 0, 4, 1370]
[0, 0, 5, 229]
[0, 0, 6, 152]
[0, 0, 7, 1295]
[0, 0, 8, 1218]
[0, 0, 9, 77]
[0, 0, 10, 1447]
[0, 0, 11, 1370]
[0, 0, 12, 229]
[0, 0, 13, 1295]
[0, 0, 14, 1447]
[0, 1, 0, 120]
[0, 1, 1, 2349]
[0, 1, 2, 126]
[0, 1, 3, 82]
[0, 1, 4, 2469]
[0, 1, 5, 246]
[0, 1, 6, 202]
[0, 1, 7, 2475]
[0, 1, 8, 2431]
[0, 1, 9, 208]
[0, 1, 10, 2595]
[0, 1, 11, 2551]
[0, 1, 12, 328]
[0, 1, 13, 2557]
[0, 1, 14, 2677]
[0, 2, 0, 2]
[0, 2, 1, 1105]
[0, 2, 2, 184]
[0, 2, 4, 1107]
[0, 2, 5, 186]
[0, 2, 6, 2]
[0, 2, 7, 1289]
[0, 2, 8, 1105]
[0, 2, 9, 184]
[0, 2, 10, 1291]
[0, 2, 11, 1107]
[0, 2, 12, 186]
[0, 2, 13, 1289]
[0, 2, 14, 1291]
[0, 3, 0, 741]
[0, 3, 1, 3148]
[0, 3, 4, 3889]
[0, 3, 5, 741]
[0, 3, 6, 741]
[0, 3, 7, 3148]
[0, 3, 8, 3148]
[0, 3, 10, 3889]
[0, 3, 11, 3889]
[0, 3, 12, 741]
[0, 3, 13, 3148]
[0, 3, 14, 3889]
[0, 4, 0, 272]
[0, 4, 1, 3567]
[0, 4, 2, 203]
[0, 4, 3, 82]
[0, 4, 4, 3839]
[0, 4, 5, 475]
[0, 4, 6, 354]
[0, 4, 7, 3770]
[0, 4, 8, 3649]
[0, 4, 9, 285]
[0, 4, 10, 4042]
[0, 4, 11, 3921]
[0, 4, 12, 557]
[0, 4, 13, 3852]
[0, 4, 14, 4124]
[0, 5, 0, 154]
[0, 5, 1, 2323]
[0, 5, 2, 261]
[0, 5, 4, 2477]
[0, 5, 5, 415]
[0, 5, 6, 154]
[0, 5, 7, 2584]
[0, 5, 8, 2323]
[0, 5, 9, 261]
[0, 5, 10, 2738]
[0, 5, 11, 2477]
[0, 5, 12, 415]
[0, 5, 13, 2584]
[0, 5, 14, 2738]
[0, 6, 0, 893]
[0, 6, 1, 4366]
[0, 6, 2, 77]
[0, 6, 4, 5259]
[0, 6, 5, 970]
[0, 6, 6, 893]
[0, 6, 7, 4443]
[0, 6, 8, 4366]
[0, 6, 9, 77]
[0, 6, 10, 5336]
[0, 6, 11, 5259]
[0, 6, 12, 970]
[0, 6, 13, 4443]
[0, 6, 14, 5336]
[0, 7, 0, 122]
[0, 7, 1, 3454]
[0, 7, 2, 310]
[0, 7, 3, 82]
[0, 7, 4, 3576]
[0, 7, 5, 432]
[0, 7, 6, 204]
[0, 7, 7, 3764]
[0, 7, 8, 3536]
[0, 7, 9, 392]
[0, 7, 10, 3886]
[0, 7, 11, 3658]
[0, 7, 12, 514]
[0, 7, 13, 3846]
[0, 7, 14, 3968]
[0, 8, 0, 861]
[0, 8, 1, 5497]
[0, 8, 2, 126]
[0, 8, 3, 82]
[0, 8, 4, 6358]
[0, 8, 5, 987]
[0, 8, 6, 943]
[0, 8, 7, 5623]
[0, 8, 8, 5579]
[0, 8, 9, 208]
[0, 8, 10, 6484]
[0, 8, 11, 6440]
[0, 8, 12, 1069]
[0, 8, 13, 5705]
[0, 8, 14, 6566]
[0, 9, 0, 743]
[0, 9, 1, 4253]
[0, 9, 2, 184]
[0, 9, 4, 4996]
[0, 9, 5, 927]
[0, 9, 6, 743]
[0, 9, 7, 4437]
[0, 9, 8, 4253]
[0, 9, 9, 184]
[0, 9, 10, 5180]
[0, 9, 11, 4996]
[0, 9, 12, 927]
[0, 9, 13, 4437]
[0, 9, 14, 5180]
[0, 10, 0, 274]
[0, 10, 1, 4672]
[0, 10, 2, 387]
[0, 10, 3, 82]
[0, 10, 4, 4946]
[0, 10, 5, 661]
[0, 10, 6, 356]
[0, 10, 7, 5059]
[0, 10, 8, 4754]
[0, 10, 9, 469]
[0, 10, 10, 5333]
[0, 10, 11, 5028]
[0, 10, 12, 743]
[0, 10, 13, 5141]
[0, 10, 14, 5415]
[0, 11, 0, 1013]
[0, 11, 1, 6715]
[0, 11, 2, 203]
[0, 11, 3, 82]
[0, 11, 4, 7728]
[0, 11, 5, 1216]
[0, 11, 6, 1095]
[0, 11, 7, 6918]
[0, 11, 8, 6797]
[0, 11, 9, 285]
[0, 11, 10, 7931]
[0, 11, 11, 7810]
[0, 11, 12, 1298]
[0, 11, 13, 7000]
[0, 11, 14, 8013]
[0, 12, 0, 895]
[0, 12, 1, 5471]
[0, 12, 2, 261]
[0, 12, 4, 6366]
[0, 12, 5, 1156]
[0, 12, 6, 895]
[0, 12, 7, 5732]
[0, 12, 8, 5471]
[0, 12, 9, 261]
[0, 12, 10, 6627]
[0, 12, 11, 6366]
[0, 12, 12, 1156]
[0, 12, 13, 5732]
[0, 12, 14, 6627]
[0, 13, 0, 863]
[0, 13, 1, 6602]
[0, 13, 2, 310]
[0, 13, 3, 82]
[0, 13, 4, 7465]
[0, 13, 5, 1173]
[0, 13, 6, 945]
[0, 13, 7, 6912]
[0, 13, 8, 6684]
[0, 13, 9, 392]
[0, 13, 10, 7775]
[0, 13, 11, 7547]
[0, 13, 12, 1255]
[0, 13, 13, 6994]
[0, 13, 14, 7857]
[0, 14, 0, 1015]
[0, 14, 1, 7820]
[0, 14, 2, 387]
[0, 14, 3, 82]
[0, 14, 4, 8835]
[0, 14, 5, 1402]
[0, 14, 6, 1097]
[0, 14, 7, 8207]
[0, 14, 8, 7902]
[0, 14, 9, 469]
[0, 14, 10, 9222]
[0, 14, 11, 8917]
[0, 14, 12, 1484]
[0, 14, 13, 8289]
[0, 14, 14, 9304]
[1, 0, 0, 140]
[1, 0, 1, 1369]
[1, 0, 2, 62]
[1, 0, 4, 1509]
[1, 0, 5, 202]
[1, 0, 6, 140]
[1, 0, 7, 1431]
[1, 0, 8, 1369]
[1, 0, 9, 62]
[1, 0, 10, 1571]
[1, 0, 11, 1509]
[1, 0, 12, 202]
[1, 0, 13, 1431]
[1, 0, 14, 1571]
[1, 1, 0, 159]
[1, 1, 1, 3966]
[1, 1, 2, 137]
[1, 1, 3, 144, 284023, 493636, 307545]
[1, 1, 4, 4125]
[1, 1, 5, 296]
[1, 1, 6, 303, 284023, 493636]
[1, 1, 7, 4103]
[1, 1, 8, 4110]
[1, 1, 9, 281, 284023, 493636]
[1, 1, 10, 4262]
[1, 1, 11, 4269]
[1, 1, 12, 440, 284023, 493636]
[1, 1, 13, 4247]
[1, 1, 14, 4406]
[1, 2, 0, 2]
[1, 2, 1, 1408]
[1, 2, 2, 214]
[1, 2, 4, 1410]
[1, 2, 5, 216]
[1, 2, 6, 2]
[1, 2, 7, 1622]
[1, 2, 8, 1408]
[1, 2, 9, 214]
[1, 2, 10, 1624]
[1, 2, 11, 1410]
[1, 2, 12, 216]
[1, 2, 13, 1622]
[1, 2, 14, 1624]
[1, 3, 0, 810]
[1, 3, 1, 3910]
[1, 3, 4, 4720]
[1, 3, 5, 810]
[1, 3, 6, 810]
[1, 3, 7, 3910]
[1, 3, 8, 3910]
[1, 3, 10, 4720]
[1, 3, 11, 4720]
[1, 3, 12, 810]
[1, 3, 13, 3910]
[1, 3, 14, 4720]
[1, 4, 0, 299]
[1, 4, 1, 5335]
[1, 4, 2, 199]
[1, 4, 3, 144, 284023, 493636, 307545]
[1, 4, 4, 5634]
[1, 4, 5, 498]
[1, 4, 6, 443]
[1, 4, 7, 5534]
[1, 4, 8, 5479]
[1, 4, 9, 343, 284023, 493636]
[1, 4, 10, 5833]
[1, 4, 11, 5778]
[1, 4, 12, 642]
[1, 4, 13, 5678]
[1, 4, 14, 5977]
[1, 5, 0, 142]
[1, 5, 1, 2777]
[1, 5, 2, 276]
[1, 5, 4, 2919]
[1, 5, 5, 418]
[1, 5, 6, 142]
[1, 5, 7, 3053]
[1, 5, 8, 2777]
[1, 5, 9, 276]
[1, 5, 10, 3195]
[1, 5, 11, 2919]
[1, 5, 12, 418]
[1, 5, 13, 3053]
[1, 5, 14, 3195]
[1, 6, 0, 950]
[1, 6, 1, 5279]
[1, 6, 2, 62]
[1, 6, 4, 6229]
[1, 6, 5, 1012]
[1, 6, 6, 950]
[1, 6, 7, 5341]
[1, 6, 8, 5279]
[1, 6, 9, 62]
[1, 6, 10, 6291]
[1, 6, 11, 6229]
[1, 6, 12, 1012]
[1, 6, 13, 5341]
[1, 6, 14, 6291]
[1, 7, 0, 161]
[1, 7, 1, 5374]
[1, 7, 2, 351]
[1, 7, 3, 144, 284023, 493636, 307545]
[1, 7, 4, 5535]
[1, 7, 5, 512]
[1, 7, 6, 305, 284023, 493636]
[1, 7, 7, 5725]
[1, 7, 8, 5518]
[1, 7, 9, 495]
[1, 7, 10, 5886]
[1, 7, 11, 5679]
[1, 7, 12, 656]
[1, 7, 13, 5869]
[1, 7, 14, 6030]
[1, 8, 0, 969]
[1, 8, 1, 7876]
[1, 8, 2, 137]
[1, 8, 3, 144, 284023, 493636, 307545]
[1, 8, 4, 8845]
[1, 8, 5, 1106]
[1, 8, 6, 1113]
[1, 8, 7, 8013]
[1, 8, 8, 8020]
[1, 8, 9, 281, 284023, 493636]
[1, 8, 10, 8982]
[1, 8, 11, 8989]
[1, 8, 12, 1250]
[1, 8, 13, 8157]
[1, 8, 14, 9126]
[1, 9, 0, 812]
[1, 9, 1, 5318]
[1, 9, 2, 214]
[1, 9, 4, 6130]
[1, 9, 5, 1026]
[1, 9, 6, 812]
[1, 9, 7, 5532]
[1, 9, 8, 5318]
[1, 9, 9, 214]
[1, 9, 10, 6344]
[1, 9, 11, 6130]
[1, 9, 12, 1026]
[1, 9, 13, 5532]
[1, 9, 14, 6344]
[1, 10, 0, 301]
[1, 10, 1, 6743]
[1, 10, 2, 413]
[1, 10, 3, 144, 284023, 493636, 307545]
[1, 10, 4, 7044]
[1, 10, 5, 714]
[1, 10, 6, 445]
[1, 10, 7, 7156]
[1, 10, 8, 6887]
[1, 10, 9, 557]
[1, 10, 10, 7457]
[1, 10, 11, 7188]
[1, 10, 12, 858]
[1, 10, 13, 7300]
[1, 10, 14, 7601]
[1, 11, 0, 1109]
[1, 11, 1, 9245]
[1, 11, 2, 199]
[1, 11, 3, 144, 284023, 493636, 307545]
[1, 11, 4, 10354]
[1, 11, 5, 1308]
[1, 11, 6, 1253]
[1, 11, 7, 9444]
[1, 11, 8, 9389]
[1, 11, 9, 343, 284023, 493636]
[1, 11, 10, 10553]
[1, 11, 11, 10498]
[1, 11, 12, 1452]
[1, 11, 13, 9588]
[1, 11, 14, 10697]
[1, 12, 0, 952]
[1, 12, 1, 6687]
[1, 12, 2, 276]
[1, 12, 4, 7639]
[1, 12, 5, 1228]
[1, 12, 6, 952]
[1, 12, 7, 6963]
[1, 12, 8, 6687]
[1, 12, 9, 276]
[1, 12, 10, 7915]
[1, 12, 11, 7639]
[1, 12, 12, 1228]
[1, 12, 13, 6963]
[1, 12, 14, 7915]
[1, 13, 0, 971]
[1, 13, 1, 9284]
[1, 13, 2, 351]
[1, 13, 3, 144, 284023, 493636, 307545]
[1, 13, 4, 10255]
[1, 13, 5, 1322]
[1, 13, 6, 1115]
[1, 13, 7, 9635]
[1, 13, 8, 9428]
[1, 13, 9, 495]
[1, 13, 10, 10606]
[1, 13, 11, 10399]
[1, 13, 12, 1466]
[1, 13, 13, 9779]
[1, 13, 14, 10750]
[1, 14, 0, 1111]
[1, 14, 1, 10653]
[1, 14, 2, 413]
[1, 14, 3, 144, 284023, 493636, 307545]
[1, 14, 4, 11764]
[1, 14, 5, 1524]
[1, 14, 6, 1255]
[1, 14, 7, 11066]
[1, 14, 8, 10797]
[1, 14, 9, 557]
[1, 14, 10, 12177]
[1, 14, 11, 11908]
[1, 14, 12, 1668]
[1, 14, 13, 11210]
[1, 14, 14, 12321]
[7, 0, 0, 227]
[7, 0, 1, 1974]
[7, 0, 2, 128]
[7, 0, 4, 2201]
[7, 0, 5, 355]
[7, 0, 6, 227]
[7, 0, 7, 2102]
[7, 0, 8, 1974]
[7, 0, 9, 128]
[7, 0, 10, 2329]
[7, 0, 11, 2201]
[7, 0, 12, 355]
[7, 0, 13, 2102]
[7, 0, 14, 2329]
[7, 1, 0, 241]
[7, 1, 1, 4357]
[7, 1, 2, 214]
[7, 1, 3, 169, 284023, 493636, 307545]
[7, 1, 4, 4598]
[7, 1, 5, 455]
[7, 1, 6, 410]
[7, 1, 7, 4571]
[7, 1, 8, 4526]
[7, 1, 9, 383, 284023, 493636]
[7, 1, 10, 4812]
[7, 1, 11, 4767]
[7, 1, 12, 624]
[7, 1, 13, 4740]
[7, 1, 14, 4981]
[7, 2, 0, 4]
[7, 2, 1, 1666]
[7, 2, 2, 361]
[7, 2, 4, 1670]
[7, 2, 5, 365]
[7, 2, 6, 4]
[7, 2, 7, 2027]
[7, 2, 8, 1666]
[7, 2, 9, 361]
[7, 2, 10, 2031]
[7, 2, 11, 1670]
[7, 2, 12, 365]
[7, 2, 13, 2027]
[7, 2, 14, 2031]
[7, 3, 0, 1415]
[7, 3, 1, 5147]
[7, 3, 4, 6562]
[7, 3, 5, 1415]
[7, 3, 6, 1415]
[7, 3, 7, 5147]
[7, 3, 8, 5147]
[7, 3, 10, 6562]
[7, 3, 11, 6562]
[7, 3, 12, 1415]
[7, 3, 13, 5147]
[7, 3, 14, 6562]
[7, 4, 0, 468]
[7, 4, 1, 6331]
[7, 4, 2, 342]
[7, 4, 3, 169, 284023, 493636, 307545]
[7, 4, 4, 6799]
[7, 4, 5, 810]
[7, 4, 6, 637]
[7, 4, 7, 6673]
[7, 4, 8, 6500]
[7, 4, 9, 511, 284023, 493636]
[7, 4, 10, 7141]
[7, 4, 11, 6968]
[7, 4, 12, 979]
[7, 4, 13, 6842]
[7, 4, 14, 7310]
[7, 5, 0, 231]
[7, 5, 1, 3640]
[7, 5, 2, 489]
[7, 5, 4, 3871]
[7, 5, 5, 720]
[7, 5, 6, 231]
[7, 5, 7, 4129]
[7, 5, 8, 3640]
[7, 5, 9, 489]
[7, 5, 10, 4360]
[7, 5, 11, 3871]
[7, 5, 12, 720]
[7, 5, 13, 4129]
[7, 5, 14, 4360]
[7, 6, 0, 1642]
[7, 6, 1, 7121]
[7, 6, 2, 128]
[7, 6, 4, 8763]
[7, 6, 5, 1770]
[7, 6, 6, 1642]
[7, 6, 7, 7249]
[7, 6, 8, 7121]
[7, 6, 9, 128]
[7, 6, 10, 8891]
[7, 6, 11, 8763]
[7, 6, 12, 1770]
[7, 6, 13, 7249]
[7, 6, 14, 8891]
[7, 7, 0, 245]
[7, 7, 1, 6023]
[7, 7, 2, 575]
[7, 7, 3, 169, 284023, 493636, 307545]
[7, 7, 4, 6268]
[7, 7, 5, 820]
[7, 7, 6, 414]
[7, 7, 7, 6598]
[7, 7, 8, 6192]
[7, 7, 9, 744]
[7, 7, 10, 6843]
[7, 7, 11, 6437]
[7, 7, 12, 989]
[7, 7, 13, 6767]
[7, 7, 14, 7012]
[7, 8, 0, 1656]
[7, 8, 1, 9504]
[7, 8, 2, 214]
[7, 8, 3, 169, 284023, 493636, 307545]
[7, 8, 4, 11160]
[7, 8, 5, 1870]
[7, 8, 6, 1825]
[7, 8, 7, 9718]
[7, 8, 8, 9673]
[7, 8, 9, 383, 284023, 493636]
[7, 8, 10, 11374]
[7, 8, 11, 11329]
[7, 8, 12, 2039]
[7, 8, 13, 9887]
[7, 8, 14, 11543]
[7, 9, 0, 1419]
[7, 9, 1, 6813]
[7, 9, 2, 361]
[7, 9, 4, 8232]
[7, 9, 5, 1780]
[7, 9, 6, 1419]
[7, 9, 7, 7174]
[7, 9, 8, 6813]
[7, 9, 9, 361]
[7, 9, 10, 8593]
[7, 9, 11, 8232]
[7, 9, 12, 1780]
[7, 9, 13, 7174]
[7, 9, 14, 8593]
[7, 10, 0, 472]
[7, 10, 1, 7997]
[7, 10, 2, 703]
[7, 10, 3, 169, 284023, 493636, 307545]
[7, 10, 4, 8469]
[7, 10, 5, 1175]
[7, 10, 6, 641]
[7, 10, 7, 8700]
[7, 10, 8, 8166]
[7, 10, 9, 872]
[7, 10, 10, 9172]
[7, 10, 11, 8638]
[7, 10, 12, 1344]
[7, 10, 13, 8869]
[7, 10, 14, 9341]
[7, 11, 0, 1883]
[7, 11, 1, 11478]
[7, 11, 2, 342]
[7, 11, 3, 169, 284023, 493636, 307545]
[7, 11, 4, 13361]
[7, 11, 5, 2225]
[7, 11, 6, 2052]
[7, 11, 7, 11820]
[7, 11, 8, 11647]
[7, 11, 9, 511, 284023, 493636]
[7, 11, 10, 13703]
[7, 11, 11, 13530]
[7, 11, 12, 2394]
[7, 11, 13, 11989]
[7, 11, 14, 13872]
[7, 12, 0, 1646]
[7, 12, 1, 8787]
[7, 12, 2, 489]
[7, 12, 4, 10433]
[7, 12, 5, 2135]
[7, 12, 6, 1646]
[7, 12, 7, 9276]
[7, 12, 8, 8787]
[7, 12, 9, 489]
[7, 12, 10, 10922]
[7, 12, 11, 10433]
[7, 12, 12, 2135]
[7, 12, 13, 9276]
[7, 12, 14, 10922]
[7, 13, 0, 1660]
[7, 13, 1, 11170]
[7, 13, 2, 575]
[7, 13, 3, 169, 284023, 493636, 307545]
[7, 13, 4, 12830]
[7, 13, 5, 2235]
[7, 13, 6, 1829]
[7, 13, 7, 11745]
[7, 13, 8, 11339]
[7, 13, 9, 744]
[7, 13, 10, 13405]
[7, 13, 11, 12999]
[7, 13, 12, 2404]
[7, 13, 13, 11914]
[7, 13, 14, 13574]
[7, 14, 0, 1887]
[7, 14, 1, 13144]
[7, 14, 2, 703]
[7, 14, 3, 169, 284023, 493636, 307545]
[7, 14, 4, 15031]
[7, 14, 5, 2590]
[7, 14, 6, 2056]
[7, 14, 7, 13847]
[7, 14, 8, 13313]
[7, 14, 9, 872]
[7, 14, 10, 15734]
[7, 14, 11, 15200]
[7, 14, 12, 2759]
[7, 14, 13, 14016]
[7, 14, 14, 15903]
[8, 0, 0, 211]
[8, 0, 1, 1971]
[8, 0, 2, 101]
[8, 0, 4, 2182]
[8, 0, 5, 312]
[8, 0, 6, 211]
[8, 0, 7, 2072]
[8, 0, 8, 1971]
[8, 0, 9, 101]
[8, 0, 10, 2283]
[8, 0, 11, 2182]
[8, 0, 12, 312]
[8, 0, 13, 2072]
[8, 0, 14, 2283]
[8, 1, 0, 190]
[8, 1, 1, 4165]
[8, 1, 2, 199]
[8, 1, 3, 163, 284023, 493636, 307545]
[8, 1, 4, 4355]
[8, 1, 5, 389]
[8, 1, 6, 353]
[8, 1, 7, 4364]
[8, 1, 8, 4328]
[8, 1, 9, 362, 284023, 493636]
[8, 1, 10, 4554]
[8, 1, 11, 4518]
[8, 1, 12, 552]
[8, 1, 13, 4527]
[8, 1, 14, 4717]
[8, 2, 0, 2]
[8, 2, 1, 1602]
[8, 2, 2, 353]
[8, 2, 4, 1604]
[8, 2, 5, 355]
[8, 2, 6, 2]
[8, 2, 7, 1955]
[8, 2, 8, 1602]
[8, 2, 9, 353]
[8, 2, 10, 1957]
[8, 2, 11, 1604]
[8, 2, 12, 355]
[8, 2, 13, 1955]
[8, 2, 14, 1957]
[8, 3, 0, 1319]
[8, 3, 1, 4792]
[8, 3, 4, 6111]
[8, 3, 5, 1319]
[8, 3, 6, 1319]
[8, 3, 7, 4792]
[8, 3, 8, 4792]
[8, 3, 10, 6111]
[8, 3, 11, 6111]
[8, 3, 12, 1319]
[8, 3, 13, 4792]
[8, 3, 14, 6111]
[8, 4, 0, 401]
[8, 4, 1, 6136]
[8, 4, 2, 300]
[8, 4, 3, 163, 284023, 493636, 307545]
[8, 4, 4, 6537]
[8, 4, 5, 701]
[8, 4, 6, 564]
[8, 4, 7, 6436]
[8, 4, 8, 6299]
[8, 4, 9, 463, 284023, 493636]
[8, 4, 10, 6837]
[8, 4, 11, 6700]
[8, 4, 12, 864]
[8, 4, 13, 6599]
[8, 4, 14, 7000]
[8, 5, 0, 213]
[8, 5, 1, 3573]
[8, 5, 2, 454]
[8, 5, 4, 3786]
[8, 5, 5, 667]
[8, 5, 6, 213]
[8, 5, 7, 4027]
[8, 5, 8, 3573]
[8, 5, 9, 454]
[8, 5, 10, 4240]
[8, 5, 11, 3786]
[8, 5, 12, 667]
[8, 5, 13, 4027]
[8, 5, 14, 4240]
[8, 6, 0, 1530]
[8, 6, 1, 6763]
[8, 6, 2, 101]
[8, 6, 4, 8293]
[8, 6, 5, 1631]
[8, 6, 6, 1530]
[8, 6, 7, 6864]
[8, 6, 8, 6763]
[8, 6, 9, 101]
[8, 6, 10, 8394]
[8, 6, 11, 8293]
[8, 6, 12, 1631]
[8, 6, 13, 6864]
[8, 6, 14, 8394]
[8, 7, 0, 192]
[8, 7, 1, 5767]
[8, 7, 2, 552]
[8, 7, 3, 163, 284023, 493636, 307545]
[8, 7, 4, 5959]
[8, 7, 5, 744]
[8, 7, 6, 355]
[8, 7, 7, 6319]
[8, 7, 8, 5930]
[8, 7, 9, 715]
[8, 7, 10, 6511]
[8, 7, 11, 6122]
[8, 7, 12, 907]
[8, 7, 13, 6482]
[8, 7, 14, 6674]
[8, 8, 0, 1509]
[8, 8, 1, 8957]
[8, 8, 2, 199]
[8, 8, 3, 163, 284023, 493636, 307545]
[8, 8, 4, 10466]
[8, 8, 5, 1708]
[8, 8, 6, 1672]
[8, 8, 7, 9156]
[8, 8, 8, 9120]
[8, 8, 9, 362, 284023, 493636]
[8, 8, 10, 10665]
[8, 8, 11, 10629]
[8, 8, 12, 1871]
[8, 8, 13, 9319]
[8, 8, 14, 10828]
[8, 9, 0, 1321]
[8, 9, 1, 6394]
[8, 9, 2, 353]
[8, 9, 4, 7715]
[8, 9, 5, 1674]
[8, 9, 6, 1321]
[8, 9, 7, 6747]
[8, 9, 8, 6394]
[8, 9, 9, 353]
[8, 9, 10, 8068]
[8, 9, 11, 7715]
[8, 9, 12, 1674]
[8, 9, 13, 6747]
[8, 9, 14, 8068]
[8, 10, 0, 403]
[8, 10, 1, 7738]
[8, 10, 2, 653]
[8, 10, 3, 163, 284023, 493636, 307545]
[8, 10, 4, 8141]
[8, 10, 5, 1056]
[8, 10, 6, 566]
[8, 10, 7, 8391]
[8, 10, 8, 7901]
[8, 10, 9, 816]
[8, 10, 10, 8794]
[8, 10, 11, 8304]
[8, 10, 12, 1219]
[8, 10, 13, 8554]
[8, 10, 14, 8957]
[8, 11, 0, 1720]
[8, 11, 1, 10928]
[8, 11, 2, 300]
[8, 11, 3, 163, 284023, 493636, 307545]
[8, 11, 4, 12648]
[8, 11, 5, 2020]
[8, 11, 6, 1883]
[8, 11, 7, 11228]
[8, 11, 8, 11091]
[8, 11, 9, 463, 284023, 493636]
[8, 11, 10, 12948]
[8, 11, 11, 12811]
[8, 11, 12, 2183]
[8, 11, 13, 11391]
[8, 11, 14, 13111]
[8, 12, 0, 1532]
[8, 12, 1, 8365]
[8, 12, 2, 454]
[8, 12, 4, 9897]
[8, 12, 5, 1986]
[8, 12, 6, 1532]
[8, 12, 7, 8819]
[8, 12, 8, 8365]
[8, 12, 9, 454]
[8, 12, 10, 10351]
[8, 12, 11, 9897]
[8, 12, 12, 1986]
[8, 12, 13, 8819]
[8, 12, 14, 10351]
[8, 13, 0, 1511]
[8, 13, 1, 10559]
[8, 13, 2, 552]
[8, 13, 3, 163, 284023, 493636, 307545]
[8, 13, 4, 12070]
[8, 13, 5, 2063]
[8, 13, 6, 1674]
[8, 13, 7, 11111]
[8, 13, 8, 10722]
[8, 13, 9, 715]
[8, 13, 10, 12622]
[8, 13, 11, 12233]
[8, 13, 12, 2226]
[8, 13, 13, 11274]
[8, 13, 14, 12785]
[8, 14, 0, 1722]
[8, 14, 1, 12530]
[8, 14, 2, 653]
[8, 14, 3, 163, 284023, 493636, 307545]
[8, 14, 4, 14252]
[8, 14, 5, 2375]
[8, 14, 6, 1885]
[8, 14, 7, 13183]
[8, 14, 8, 12693]
[8, 14, 9, 816]
[8, 14, 10, 14905]
[8, 14, 11, 14415]
[8, 14, 12, 2538]
[8, 14, 13, 13346]
[8, 14, 14, 15068]
[4, 0, 0, 292]
[4, 0, 1, 2587]
[4, 0, 2, 139]
[4, 0, 4, 2879]
[4, 0, 5, 431]
[4, 0, 6, 292]
[4, 0, 7, 2726]
[4, 0, 8, 2587]
[4, 0, 9, 139]
[4, 0, 10, 3018]
[4, 0, 11, 2879]
[4, 0, 12, 431]
[4, 0, 13, 2726]
[4, 0, 14, 3018]
[4, 1, 0, 279]
[4, 1, 1, 6315]
[4, 1, 2, 263]
[4, 1, 3, 226]
[4, 1, 4, 6594]
[4, 1, 5, 542]
[4, 1, 6, 505]
[4, 1, 7, 6578]
[4, 1, 8, 6541]
[4, 1, 9, 489]
[4, 1, 10, 6857]
[4, 1, 11, 6820]
[4, 1, 12, 768]
[4, 1, 13, 6804]
[4, 1, 14, 7083]
[4, 2, 0, 4]
[4, 2, 1, 2513]
[4, 2, 2, 398]
[4, 2, 4, 2517]
[4, 2, 5, 402]
[4, 2, 6, 4]
[4, 2, 7, 2911]
[4, 2, 8, 2513]
[4, 2, 9, 398]
[4, 2, 10, 2915]
[4, 2, 11, 2517]
[4, 2, 12, 402]
[4, 2, 13, 2911]
[4, 2, 14, 2915]
[4, 3, 0, 1551]
[4, 3, 1, 7058]
[4, 3, 4, 8609]
[4, 3, 5, 1551]
[4, 3, 6, 1551]
[4, 3, 7, 7058]
[4, 3, 8, 7058]
[4, 3, 10, 8609]
[4, 3, 11, 8609]
[4, 3, 12, 1551]
[4, 3, 13, 7058]
[4, 3, 14, 8609]
[4, 4, 0, 571]
[4, 4, 1, 8902]
[4, 4, 2, 402]
[4, 4, 3, 226]
[4, 4, 4, 9473]
[4, 4, 5, 973]
[4, 4, 6, 797]
[4, 4, 7, 9304]
[4, 4, 8, 9128]
[4, 4, 9, 628]
[4, 4, 10, 9875]
[4, 4, 11, 9699]
[4, 4, 12, 1199]
[4, 4, 13, 9530]
[4, 4, 14, 10101]
[4, 5, 0, 296]
[4, 5, 1, 5100]
[4, 5, 2, 537]
[4, 5, 4, 5396]
[4, 5, 5, 833]
[4, 5, 6, 296]
[4, 5, 7, 5637]
[4, 5, 8, 5100]
[4, 5, 9, 537]
[4, 5, 10, 5933]
[4, 5, 11, 5396]
[4, 5, 12, 833]
[4, 5, 13, 5637]
[4, 5, 14, 5933]
[4, 6, 0, 1843]
[4, 6, 1, 9645]
[4, 6, 2, 139]
[4, 6, 4, 11488]
[4, 6, 5, 1982]
[4, 6, 6, 1843]
[4, 6, 7, 9784]
[4, 6, 8, 9645]
[4, 6, 9, 139]
[4, 6, 10, 11627]
[4, 6, 11, 11488]
[4, 6, 12, 1982]
[4, 6, 13, 9784]
[4, 6, 14, 11627]
[4, 7, 0, 283]
[4, 7, 1, 8828]
[4, 7, 2, 661]
[4, 7, 3, 226]
[4, 7, 4, 9111]
[4, 7, 5, 944]
[4, 7, 6, 509]
[4, 7, 7, 9489]
[4, 7, 8, 9054]
[4, 7, 9, 887]
[4, 7, 10, 9772]
[4, 7, 11, 9337]
[4, 7, 12, 1170]
[4, 7, 13, 9715]
[4, 7, 14, 9998]
[4, 8, 0, 1830]
[4, 8, 1, 13373]
[4, 8, 2, 263]
[4, 8, 3, 226]
[4, 8, 4, 15203]
[4, 8, 5, 2093]
[4, 8, 6, 2056]
[4, 8, 7, 13636]
[4, 8, 8, 13599]
[4, 8, 9, 489]
[4, 8, 10, 15466]
[4, 8, 11, 15429]
[4, 8, 12, 2319]
[4, 8, 13, 13862]
[4, 8, 14, 15692]
[4, 9, 0, 1555]
[4, 9, 1, 9571]
[4, 9, 2, 398]
[4, 9, 4, 11126]
[4, 9, 5, 1953]
[4, 9, 6, 1555]
[4, 9, 7, 9969]
[4, 9, 8, 9571]
[4, 9, 9, 398]
[4, 9, 10, 11524]
[4, 9, 11, 11126]
[4, 9, 12, 1953]
[4, 9, 13, 9969]
[4, 9, 14, 11524]
[4, 10, 0, 575]
[4, 10, 1, 11415]
[4, 10, 2, 800]
[4, 10, 3, 226]
[4, 10, 4, 11990]
[4, 10, 5, 1375]
[4, 10, 6, 801]
[4, 10, 7, 12215]
[4, 10, 8, 11641]
[4, 10, 9, 1026]
[4, 10, 10, 12790]
[4, 10, 11, 12216]
[4, 10, 12, 1601]
[4, 10, 13, 12441]
[4, 10, 14, 13016]
[4, 11, 0, 2122]
[4, 11, 1, 15960]
[4, 11, 2, 402]
[4, 11, 3, 226]
[4, 11, 4, 18082]
[4, 11, 5, 2524]
[4, 11, 6, 2348]
[4, 11, 7, 16362]
[4, 11, 8, 16186]
[4, 11, 9, 628]
[4, 11, 10, 18484]
[4, 11, 11, 18308]
[4, 11, 12, 2750]
[4, 11, 13, 16588]
[4, 11, 14, 18710]
[4, 12, 0, 1847]
[4, 12, 1, 12158]
[4, 12, 2, 537]
[4, 12, 4, 14005]
[4, 12, 5, 2384]
[4, 12, 6, 1847]
[4, 12, 7, 12695]
[4, 12, 8, 12158]
[4, 12, 9, 537]
[4, 12, 10, 14542]
[4, 12, 11, 14005]
[4, 12, 12, 2384]
[4, 12, 13, 12695]
[4, 12, 14, 14542]
[4, 13, 0, 1834]
[4, 13, 1, 15886]
[4, 13, 2, 661]
[4, 13, 3, 226]
[4, 13, 4, 17720]
[4, 13, 5, 2495]
[4, 13, 6, 2060]
[4, 13, 7, 16547]
[4, 13, 8, 16112]
[4, 13, 9, 887]
[4, 13, 10, 18381]
[4, 13, 11, 17946]
[4, 13, 12, 2721]
[4, 13, 13, 16773]
[4, 13, 14, 18607]
[4, 14, 0, 2126]
[4, 14, 1, 18473]
[4, 14, 2, 800]
[4, 14, 3, 226]
[4, 14, 4, 20599]
[4, 14, 5, 2926]
[4, 14, 6, 2352]
[4, 14, 7, 19273]
[4, 14, 8, 18699]
[4, 14, 9, 1026]
[4, 14, 10, 21399]
[4, 14, 11, 20825]
[4, 14, 12, 3152]
[4, 14, 13, 19499]
[4, 14, 14, 21625]
[5, 0, 0, 239]
[5, 0, 1, 1823]
[5, 0, 2, 143]
[5, 0, 4, 2062]
[5, 0, 5, 382]
[5, 0, 6, 239]
[5, 0, 7, 1966]
[5, 0, 8, 1823]
[5, 0, 9, 143]
[5, 0, 10, 2205]
[5, 0, 11, 2062]
[5, 0, 12, 382]
[5, 0, 13, 1966]
[5, 0, 14, 2205]
[5, 1, 0, 202]
[5, 1, 1, 2740]
[5, 1, 2, 203]
[5, 1, 3, 107]
[5, 1, 4, 2942]
[5, 1, 5, 405]
[5, 1, 6, 309]
[5, 1, 7, 2943]
[5, 1, 8, 2847]
[5, 1, 9, 310]
[5, 1, 10, 3145]
[5, 1, 11, 3049]
[5, 1, 12, 512]
[5, 1, 13, 3050]
[5, 1, 14, 3252]
[5, 2, 0, 4]
[5, 2, 1, 1363]
[5, 2, 2, 331]
[5, 2, 4, 1367]
[5, 2, 5, 335]
[5, 2, 6, 4]
[5, 2, 7, 1694]
[5, 2, 8, 1363]
[5, 2, 9, 331]
[5, 2, 10, 1698]
[5, 2, 11, 1367]
[5, 2, 12, 335]
[5, 2, 13, 1694]
[5, 2, 14, 1698]
[5, 3, 0, 1346]
[5, 3, 1, 4385]
[5, 3, 4, 5731]
[5, 3, 5, 1346]
[5, 3, 6, 1346]
[5, 3, 7, 4385]
[5, 3, 8, 4385]
[5, 3, 10, 5731]
[5, 3, 11, 5731]
[5, 3, 12, 1346]
[5, 3, 13, 4385]
[5, 3, 14, 5731]
[5, 4, 0, 441]
[5, 4, 1, 4563]
[5, 4, 2, 346]
[5, 4, 3, 107]
[5, 4, 4, 5004]
[5, 4, 5, 787]
[5, 4, 6, 548]
[5, 4, 7, 4909]
[5, 4, 8, 4670]
[5, 4, 9, 453]
[5, 4, 10, 5350]
[5, 4, 11, 5111]
[5, 4, 12, 894]
[5, 4, 13, 5016]
[5, 4, 14, 5457]
[5, 5, 0, 243]
[5, 5, 1, 3186]
[5, 5, 2, 474]
[5, 5, 4, 3429]
[5, 5, 5, 717]
[5, 5, 6, 243]
[5, 5, 7, 3660]
[5, 5, 8, 3186]
[5, 5, 9, 474]
[5, 5, 10, 3903]
[5, 5, 11, 3429]
[5, 5, 12, 717]
[5, 5, 13, 3660]
[5, 5, 14, 3903]
[5, 6, 0, 1585]
[5, 6, 1, 6208]
[5, 6, 2, 143]
[5, 6, 4, 7793]
[5, 6, 5, 1728]
[5, 6, 6, 1585]
[5, 6, 7, 6351]
[5, 6, 8, 6208]
[5, 6, 9, 143]
[5, 6, 10, 7936]
[5, 6, 11, 7793]
[5, 6, 12, 1728]
[5, 6, 13, 6351]
[5, 6, 14, 7936]
[5, 7, 0, 206]
[5, 7, 1, 4103]
[5, 7, 2, 534]
[5, 7, 3, 107]
[5, 7, 4, 4309]
[5, 7, 5, 740]
[5, 7, 6, 313]
[5, 7, 7, 4637]
[5, 7, 8, 4210]
[5, 7, 9, 641]
[5, 7, 10, 4843]
[5, 7, 11, 4416]
[5, 7, 12, 847]
[5, 7, 13, 4744]
[5, 7, 14, 4950]
[5, 8, 0, 1548]
[5, 8, 1, 7125]
[5, 8, 2, 203]
[5, 8, 3, 107]
[5, 8, 4, 8673]
[5, 8, 5, 1751]
[5, 8, 6, 1655]
[5, 8, 7, 7328]
[5, 8, 8, 7232]
[5, 8, 9, 310]
[5, 8, 10, 8876]
[5, 8, 11, 8780]
[5, 8, 12, 1858]
[5, 8, 13, 7435]
[5, 8, 14, 8983]
[5, 9, 0, 1350]
[5, 9, 1, 5748]
[5, 9, 2, 331]
[5, 9, 4, 7098]
[5, 9, 5, 1681]
[5, 9, 6, 1350]
[5, 9, 7, 6079]
[5, 9, 8, 5748]
[5, 9, 9, 331]
[5, 9, 10, 7429]
[5, 9, 11, 7098]
[5, 9, 12, 1681]
[5, 9, 13, 6079]
[5, 9, 14, 7429]
[5, 10, 0, 445]
[5, 10, 1, 5926]
[5, 10, 2, 677]
[5, 10, 3, 107]
[5, 10, 4, 6371]
[5, 10, 5, 1122]
[5, 10, 6, 552]
[5, 10, 7, 6603]
[5, 10, 8, 6033]
[5, 10, 9, 784]
[5, 10, 10, 7048]
[5, 10, 11, 6478]
[5, 10, 12, 1229]
[5, 10, 13, 6710]
[5, 10, 14, 7155]
[5, 11, 0, 1787]
[5, 11, 1, 8948]
[5, 11, 2, 346]
[5, 11, 3, 107]
[5, 11, 4, 10735]
[5, 11, 5, 2133]
[5, 11, 6, 1894]
[5, 11, 7, 9294]
[5, 11, 8, 9055]
[5, 11, 9, 453]
[5, 11, 10, 11081]
[5, 11, 11, 10842]
[5, 11, 12, 2240]
[5, 11, 13, 9401]
[5, 11, 14, 11188]
[5, 12, 0, 1589]
[5, 12, 1, 7571]
[5, 12, 2, 474]
[5, 12, 4, 9160]
[5, 12, 5, 2063]
[5, 12, 6, 1589]
[5, 12, 7, 8045]
[5, 12, 8, 7571]
[5, 12, 9, 474]
[5, 12, 10, 9634]
[5, 12, 11, 9160]
[5, 12, 12, 2063]
[5, 12, 13, 8045]
[5, 12, 14, 9634]
[5, 13, 0, 1552]
[5, 13, 1, 8488]
[5, 13, 2, 534]
[5, 13, 3, 107]
[5, 13, 4, 10040]
[5, 13, 5, 2086]
[5, 13, 6, 1659]
[5, 13, 7, 9022]
[5, 13, 8, 8595]
[5, 13, 9, 641]
[5, 13, 10, 10574]
[5, 13, 11, 10147]
[5, 13, 12, 2193]
[5, 13, 13, 9129]
[5, 13, 14, 10681]
[5, 14, 0, 1791]
[5, 14, 1, 10311]
[5, 14, 2, 677]
[5, 14, 3, 107]
[5, 14, 4, 12102]
[5, 14, 5, 2468]
[5, 14, 6, 1898]
[5, 14, 7, 10988]
[5, 14, 8, 10418]
[5, 14, 9, 784]
[5, 14, 10, 12779]
[5, 14, 11, 12209]
[5, 14, 12, 2575]
[5, 14, 13, 11095]
[5, 14, 14, 12886]
[14, 0, 0, 450]
[14, 0, 1, 3794]
[14, 0, 2, 244]
[14, 0, 4, 4244]
[14, 0, 5, 694]
[14, 0, 6, 450]
[14, 0, 7, 4038]
[14, 0, 8, 3794]
[14, 0, 9, 244]
[14, 0, 10, 4488]
[14, 0, 11, 4244]
[14, 0, 12, 694]
[14, 0, 13, 4038]
[14, 0, 14, 4488]
[14, 1, 0, 392]
[14, 1, 1, 6905]
[14, 1, 2, 402]
[14, 1, 3, 270]
[14, 1, 4, 7297]
[14, 1, 5, 794]
[14, 1, 6, 662]
[14, 1, 7, 7307]
[14, 1, 8, 7175]
[14, 1, 9, 672]
[14, 1, 10, 7699]
[14, 1, 11, 7567]
[14, 1, 12, 1064]
[14, 1, 13, 7577]
[14, 1, 14, 7969]
[14, 2, 0, 6]
[14, 2, 1, 2965]
[14, 2, 2, 684]
[14, 2, 4, 2971]
[14, 2, 5, 690]
[14, 2, 6, 6]
[14, 2, 7, 3649]
[14, 2, 8, 2965]
[14, 2, 9, 684]
[14, 2, 10, 3655]
[14, 2, 11, 2971]
[14, 2, 12, 690]
[14, 2, 13, 3649]
[14, 2, 14, 3655]
[14, 3, 0, 2665]
[14, 3, 1, 9177]
[14, 3, 4, 11842]
[14, 3, 5, 2665]
[14, 3, 6, 2665]
[14, 3, 7, 9177]
[14, 3, 8, 9177]
[14, 3, 10, 11842]
[14, 3, 11, 11842]
[14, 3, 12, 2665]
[14, 3, 13, 9177]
[14, 3, 14, 11842]
[14, 4, 0, 842]
[14, 4, 1, 10699]
[14, 4, 2, 646]
[14, 4, 3, 270]
[14, 4, 4, 11541]
[14, 4, 5, 1488]
[14, 4, 6, 1112]
[14, 4, 7, 11345]
[14, 4, 8, 10969]
[14, 4, 9, 916]
[14, 4, 10, 12187]
[14, 4, 11, 11811]
[14, 4, 12, 1758]
[14, 4, 13, 11615]
[14, 4, 14, 12457]
[14, 5, 0, 456]
[14, 5, 1, 6759]
[14, 5, 2, 928]
[14, 5, 4, 7215]
[14, 5, 5, 1384]
[14, 5, 6, 456]
[14, 5, 7, 7687]
[14, 5, 8, 6759]
[14, 5, 9, 928]
[14, 5, 10, 8143]
[14, 5, 11, 7215]
[14, 5, 12, 1384]
[14, 5, 13, 7687]
[14, 5, 14, 8143]
[14, 6, 0, 3115]
[14, 6, 1, 12971]
[14, 6, 2, 244]
[14, 6, 4, 16086]
[14, 6, 5, 3359]
[14, 6, 6, 3115]
[14, 6, 7, 13215]
[14, 6, 8, 12971]
[14, 6, 9, 244]
[14, 6, 10, 16330]
[14, 6, 11, 16086]
[14, 6, 12, 3359]
[14, 6, 13, 13215]
[14, 6, 14, 16330]
[14, 7, 0, 398]
[14, 7, 1, 9870]
[14, 7, 2, 1086]
[14, 7, 3, 270]
[14, 7, 4, 10268]
[14, 7, 5, 1484]
[14, 7, 6, 668]
[14, 7, 7, 10956]
[14, 7, 8, 10140]
[14, 7, 9, 1356]
[14, 7, 10, 11354]
[14, 7, 11, 10538]
[14, 7, 12, 1754]
[14, 7, 13, 11226]
[14, 7, 14, 11624]
[14, 8, 0, 3057]
[14, 8, 1, 16082]
[14, 8, 2, 402]
[14, 8, 3, 270]
[14, 8, 4, 19139]
[14, 8, 5, 3459]
[14, 8, 6, 3327]
[14, 8, 7, 16484]
[14, 8, 8, 16352]
[14, 8, 9, 672]
[14, 8, 10, 19541]
[14, 8, 11, 19409]
[14, 8, 12, 3729]
[14, 8, 13, 16754]
[14, 8, 14, 19811]
[14, 9, 0, 2671]
[14, 9, 1, 12142]
[14, 9, 2, 684]
[14, 9, 4, 14813]
[14, 9, 5, 3355]
[14, 9, 6, 2671]
[14, 9, 7, 12826]
[14, 9, 8, 12142]
[14, 9, 9, 684]
[14, 9, 10, 15497]
[14, 9, 11, 14813]
[14, 9, 12, 3355]
[14, 9, 13, 12826]
[14, 9, 14, 15497]
[14, 10, 0, 848]
[14, 10, 1, 13664]
[14, 10, 2, 1330]
[14, 10, 3, 270]
[14, 10, 4, 14512]
[14, 10, 5, 2178]
[14, 10, 6, 1118]
[14, 10, 7, 14994]
[14, 10, 8, 13934]
[14, 10, 9, 1600]
[14, 10, 10, 15842]
[14, 10, 11, 14782]
[14, 10, 12, 2448]
[14, 10, 13, 15264]
[14, 10, 14, 16112]
[14, 11, 0, 3507]
[14, 11, 1, 19876]
[14, 11, 2, 646]
[14, 11, 3, 270]
[14, 11, 4, 23383]
[14, 11, 5, 4153]
[14, 11, 6, 3777]
[14, 11, 7, 20522]
[14, 11, 8, 20146]
[14, 11, 9, 916]
[14, 11, 10, 24029]
[14, 11, 11, 23653]
[14, 11, 12, 4423]
[14, 11, 13, 20792]
[14, 11, 14, 24299]
[14, 12, 0, 3121]
[14, 12, 1, 15936]
[14, 12, 2, 928]
[14, 12, 4, 19057]
[14, 12, 5, 4049]
[14, 12, 6, 3121]
[14, 12, 7, 16864]
[14, 12, 8, 15936]
[14, 12, 9, 928]
[14, 12, 10, 19985]
[14, 12, 11, 19057]
[14, 12, 12, 4049]
[14, 12, 13, 16864]
[14, 12, 14, 19985]
[14, 13, 0, 3063]
[14, 13, 1, 19047]
[14, 13, 2, 1086]
[14, 13, 3, 270]
[14, 13, 4, 22110]
[14, 13, 5, 4149]
[14, 13, 6, 3333]
[14, 13, 7, 20133]
[14, 13, 8, 19317]
[14, 13, 9, 1356]
[14, 13, 10, 23196]
[14, 13, 11, 22380]
[14, 13, 12, 4419]
[14, 13, 13, 20403]
[14, 13, 14, 23466]
[14, 14, 0, 3513]
[14, 14, 1, 22841]
[14, 14, 2, 1330]
[14, 14, 3, 270]
[14, 14, 4, 26354]
[14, 14, 5, 4843]
[14, 14, 6, 3783]
[14, 14, 7, 24171]
[14, 14, 8, 23111]
[14, 14, 9, 1600]
[14, 14, 10, 27684]
[14, 14, 11, 26624]
[14, 14, 12, 5113]
[14, 14, 13, 24441]
[14, 14, 14, 27954]
[11, 0, 0, 363]
[11, 0, 1, 3189]
[11, 0, 2, 178]
[11, 0, 4, 3552]
[11, 0, 5, 541]
[11, 0, 6, 363]
[11, 0, 7, 3367]
[11, 0, 8, 3189]
[11, 0, 9, 178]
[11, 0, 10, 3730]
[11, 0, 11, 3552]
[11, 0, 12, 541]
[11, 0, 13, 3367]
[11, 0, 14, 3730]
[11, 1, 0, 310]
[11, 1, 1, 6514]
[11, 1, 2, 325]
[11, 1, 3, 245]
[11, 1, 4, 6824]
[11, 1, 5, 635]
[11, 1, 6, 555]
[11, 1, 7, 6839]
[11, 1, 8, 6759]
[11, 1, 9, 570]
[11, 1, 10, 7149]
[11, 1, 11, 7069]
[11, 1, 12, 880]
[11, 1, 13, 7084]
[11, 1, 14, 7394]
[11, 2, 0, 4]
[11, 2, 1, 2707]
[11, 2, 2, 537]
[11, 2, 4, 2711]
[11, 2, 5, 541]
[11, 2, 6, 4]
[11, 2, 7, 3244]
[11, 2, 8, 2707]
[11, 2, 9, 537]
[11, 2, 10, 3248]
[11, 2, 11, 2711]
[11, 2, 12, 541]
[11, 2, 13, 3244]
[11, 2, 14, 3248]
[11, 3, 0, 2060]
[11, 3, 1, 7940]
[11, 3, 4, 10000]
[11, 3, 5, 2060]
[11, 3, 6, 2060]
[11, 3, 7, 7940]
[11, 3, 8, 7940]
[11, 3, 10, 10000]
[11, 3, 11, 10000]
[11, 3, 12, 2060]
[11, 3, 13, 7940]
[11, 3, 14, 10000]
[11, 4, 0, 673]
[11, 4, 1, 9703]
[11, 4, 2, 503]
[11, 4, 3, 245]
[11, 4, 4, 10376]
[11, 4, 5, 1176]
[11, 4, 6, 918]
[11, 4, 7, 10206]
[11, 4, 8, 9948]
[11, 4, 9, 748]
[11, 4, 10, 10879]
[11, 4, 11, 10621]
[11, 4, 12, 1421]
[11, 4, 13, 10451]
[11, 4, 14, 11124]
[11, 5, 0, 367]
[11, 5, 1, 5896]
[11, 5, 2, 715]
[11, 5, 4, 6263]
[11, 5, 5, 1082]
[11, 5, 6, 367]
[11, 5, 7, 6611]
[11, 5, 8, 5896]
[11, 5, 9, 715]
[11, 5, 10, 6978]
[11, 5, 11, 6263]
[11, 5, 12, 1082]
[11, 5, 13, 6611]
[11, 5, 14, 6978]
[11, 6, 0, 2423]
[11, 6, 1, 11129]
[11, 6, 2, 178]
[11, 6, 4, 13552]
[11, 6, 5, 2601]
[11, 6, 6, 2423]
[11, 6, 7, 11307]
[11, 6, 8, 11129]
[11, 6, 9, 178]
[11, 6, 10, 13730]
[11, 6, 11, 13552]
[11, 6, 12, 2601]
[11, 6, 13, 11307]
[11, 6, 14, 13730]
[11, 7, 0, 314]
[11, 7, 1, 9221]
[11, 7, 2, 862]
[11, 7, 3, 245]
[11, 7, 4, 9535]
[11, 7, 5, 1176]
[11, 7, 6, 559]
[11, 7, 7, 10083]
[11, 7, 8, 9466]
[11, 7, 9, 1107]
[11, 7, 10, 10397]
[11, 7, 11, 9780]
[11, 7, 12, 1421]
[11, 7, 13, 10328]
[11, 7, 14, 10642]
[11, 8, 0, 2370]
[11, 8, 1, 14454]
[11, 8, 2, 325]
[11, 8, 3, 245]
[11, 8, 4, 16824]
[11, 8, 5, 2695]
[11, 8, 6, 2615]
[11, 8, 7, 14779]
[11, 8, 8, 14699]
[11, 8, 9, 570]
[11, 8, 10, 17149]
[11, 8, 11, 17069]
[11, 8, 12, 2940]
[11, 8, 13, 15024]
[11, 8, 14, 17394]
[11, 9, 0, 2064]
[11, 9, 1, 10647]
[11, 9, 2, 537]
[11, 9, 4, 12711]
[11, 9, 5, 2601]
[11, 9, 6, 2064]
[11, 9, 7, 11184]
[11, 9, 8, 10647]
[11, 9, 9, 537]
[11, 9, 10, 13248]
[11, 9, 11, 12711]
[11, 9, 12, 2601]
[11, 9, 13, 11184]
[11, 9, 14, 13248]
[11, 10, 0, 677]
[11, 10, 1, 12410]
[11, 10, 2, 1040]
[11, 10, 3, 245]
[11, 10, 4, 13087]
[11, 10, 5, 1717]
[11, 10, 6, 922]
[11, 10, 7, 13450]
[11, 10, 8, 12655]
[11, 10, 9, 1285]
[11, 10, 10, 14127]
[11, 10, 11, 13332]
[11, 10, 12, 1962]
[11, 10, 13, 13695]
[11, 10, 14, 14372]
[11, 11, 0, 2733]
[11, 11, 1, 17643]
[11, 11, 2, 503]
[11, 11, 3, 245]
[11, 11, 4, 20376]
[11, 11, 5, 3236]
[11, 11, 6, 2978]
[11, 11, 7, 18146]
[11, 11, 8, 17888]
[11, 11, 9, 748]
[11, 11, 10, 20879]
[11, 11, 11, 20621]
[11, 11, 12, 3481]
[11, 11, 13, 18391]
[11, 11, 14, 21124]
[11, 12, 0, 2427]
[11, 12, 1, 13836]
[11, 12, 2, 715]
[11, 12, 4, 16263]
[11, 12, 5, 3142]
[11, 12, 6, 2427]
[11, 12, 7, 14551]
[11, 12, 8, 13836]
[11, 12, 9, 715]
[11, 12, 10, 16978]
[11, 12, 11, 16263]
[11, 12, 12, 3142]
[11, 12, 13, 14551]
[11, 12, 14, 16978]
[11, 13, 0, 2374]
[11, 13, 1, 17161]
[11, 13, 2, 862]
[11, 13, 3, 245]
[11, 13, 4, 19535]
[11, 13, 5, 3236]
[11, 13, 6, 2619]
[11, 13, 7, 18023]
[11, 13, 8, 17406]
[11, 13, 9, 1107]
[11, 13, 10, 20397]
[11, 13, 11, 19780]
[11, 13, 12, 3481]
[11, 13, 13, 18268]
[11, 13, 14, 20642]
[11, 14, 0, 2737]
[11, 14, 1, 20350]
[11, 14, 2, 1040]
[11, 14, 3, 245]
[11, 14, 4, 23087]
[11, 14, 5, 3777]
[11, 14, 6, 2982]
[11, 14, 7, 21390]
[11, 14, 8, 20595]
[11, 14, 9, 1285]
[11, 14, 10, 24127]
[11, 14, 11, 23332]
[11, 14, 12, 4022]
[11, 14, 13, 21635]
[11, 14, 14, 24372]
[13, 0, 0, 298]
[13, 0, 1, 2576]
[13, 0, 2, 167]
[13, 0, 4, 2874]
[13, 0, 5, 465]
[13, 0, 6, 298]
[13, 0, 7, 2743]
[13, 0, 8, 2576]
[13, 0, 9, 167]
[13, 0, 10, 3041]
[13, 0, 11, 2874]
[13, 0, 12, 465]
[13, 0, 13, 2743]
[13, 0, 14, 3041]
[13, 1, 0, 272]
[13, 1, 1, 4556]
[13, 1, 2, 276]
[13, 1, 3, 188, 284023, 493636, 307545]
[13, 1, 4, 4828]
[13, 1, 5, 548]
[13, 1, 6, 460]
[13, 1, 7, 4832]
[13, 1, 8, 4744]
[13, 1, 9, 464, 284023, 493636]
[13, 1, 10, 5104]
[13, 1, 11, 5016]
[13, 1, 12, 736]
[13, 1, 13, 5020]
[13, 1, 14, 5292]
[13, 2, 0, 4]
[13, 2, 1, 1860]
[13, 2, 2, 500]
[13, 2, 4, 1864]
[13, 2, 5, 504]
[13, 2, 6, 4]
[13, 2, 7, 2360]
[13, 2, 8, 1860]
[13, 2, 9, 500]
[13, 2, 10, 2364]
[13, 2, 11, 1864]
[13, 2, 12, 504]
[13, 2, 13, 2360]
[13, 2, 14, 2364]
[13, 3, 0, 1924]
[13, 3, 1, 6029]
[13, 3, 4, 7953]
[13, 3, 5, 1924]
[13, 3, 6, 1924]
[13, 3, 7, 6029]
[13, 3, 8, 6029]
[13, 3, 10, 7953]
[13, 3, 11, 7953]
[13, 3, 12, 1924]
[13, 3, 13, 6029]
[13, 3, 14, 7953]
[13, 4, 0, 570]
[13, 4, 1, 7132]
[13, 4, 2, 443]
[13, 4, 3, 188, 284023, 493636, 307545]
[13, 4, 4, 7702]
[13, 4, 5, 1013]
[13, 4, 6, 758]
[13, 4, 7, 7575]
[13, 4, 8, 7320]
[13, 4, 9, 631, 284023, 493636]
[13, 4, 10, 8145]
[13, 4, 11, 7890]
[13, 4, 12, 1201]
[13, 4, 13, 7763]
[13, 4, 14, 8333]
[13, 5, 0, 302]
[13, 5, 1, 4436]
[13, 5, 2, 667]
[13, 5, 4, 4738]
[13, 5, 5, 969]
[13, 5, 6, 302]
[13, 5, 7, 5103]
[13, 5, 8, 4436]
[13, 5, 9, 667]
[13, 5, 10, 5405]
[13, 5, 11, 4738]
[13, 5, 12, 969]
[13, 5, 13, 5103]
[13, 5, 14, 5405]
[13, 6, 0, 2222]
[13, 6, 1, 8605]
[13, 6, 2, 167]
[13, 6, 4, 10827]
[13, 6, 5, 2389]
[13, 6, 6, 2222]
[13, 6, 7, 8772]
[13, 6, 8, 8605]
[13, 6, 9, 167]
[13, 6, 10, 10994]
[13, 6, 11, 10827]
[13, 6, 12, 2389]
[13, 6, 13, 8772]
[13, 6, 14, 10994]
[13, 7, 0, 276]
[13, 7, 1, 6416]
[13, 7, 2, 776]
[13, 7, 3, 188, 284023, 493636, 307545]
[13, 7, 4, 6692]
[13, 7, 5, 1052]
[13, 7, 6, 464]
[13, 7, 7, 7192]
[13, 7, 8, 6604]
[13, 7, 9, 964]
[13, 7, 10, 7468]
[13, 7, 11, 6880]
[13, 7, 12, 1240]
[13, 7, 13, 7380]
[13, 7, 14, 7656]
[13, 8, 0, 2196]
[13, 8, 1, 10585]
[13, 8, 2, 276]
[13, 8, 3, 188, 284023, 493636, 307545]
[13, 8, 4, 12781]
[13, 8, 5, 2472]
[13, 8, 6, 2384]
[13, 8, 7, 10861]
[13, 8, 8, 10773]
[13, 8, 9, 464, 284023, 493636]
[13, 8, 10, 13057]
[13, 8, 11, 12969]
[13, 8, 12, 2660]
[13, 8, 13, 11049]
[13, 8, 14, 13245]
[13, 9, 0, 1928]
[13, 9, 1, 7889]
[13, 9, 2, 500]
[13, 9, 4, 9817]
[13, 9, 5, 2428]
[13, 9, 6, 1928]
[13, 9, 7, 8389]
[13, 9, 8, 7889]
[13, 9, 9, 500]
[13, 9, 10, 10317]
[13, 9, 11, 9817]
[13, 9, 12, 2428]
[13, 9, 13, 8389]
[13, 9, 14, 10317]
[13, 10, 0, 574]
[13, 10, 1, 8992]
[13, 10, 2, 943]
[13, 10, 3, 188, 284023, 493636, 307545]
[13, 10, 4, 9566]
[13, 10, 5, 1517]
[13, 10, 6, 762]
[13, 10, 7, 9935]
[13, 10, 8, 9180]
[13, 10, 9, 1131]
[13, 10, 10, 10509]
[13, 10, 11, 9754]
[13, 10, 12, 1705]
[13, 10, 13, 10123]
[13, 10, 14, 10697]
[13, 11, 0, 2494]
[13, 11, 1, 13161]
[13, 11, 2, 443]
[13, 11, 3, 188, 284023, 493636, 307545]
[13, 11, 4, 15655]
[13, 11, 5, 2937]
[13, 11, 6, 2682]
[13, 11, 7, 13604]
[13, 11, 8, 13349]
[13, 11, 9, 631, 284023, 493636]
[13, 11, 10, 16098]
[13, 11, 11, 15843]
[13, 11, 12, 3125]
[13, 11, 13, 13792]
[13, 11, 14, 16286]
[13, 12, 0, 2226]
[13, 12, 1, 10465]
[13, 12, 2, 667]
[13, 12, 4, 12691]
[13, 12, 5, 2893]
[13, 12, 6, 2226]
[13, 12, 7, 11132]
[13, 12, 8, 10465]
[13, 12, 9, 667]
[13, 12, 10, 13358]
[13, 12, 11, 12691]
[13, 12, 12, 2893]
[13, 12, 13, 11132]
[13, 12, 14, 13358]
[13, 13, 0, 2200]
[13, 13, 1, 12445]
[13, 13, 2, 776]
[13, 13, 3, 188, 284023, 493636, 307545]
[13, 13, 4, 14645]
[13, 13, 5, 2976]
[13, 13, 6, 2388]
[13, 13, 7, 13221]
[13, 13, 8, 12633]
[13, 13, 9, 964]
[13, 13, 10, 15421]
[13, 13, 11, 14833]
[13, 13, 12, 3164]
[13, 13, 13, 13409]
[13, 13, 14, 15609]
[13, 14, 0, 2498]
[13, 14, 1, 15021]
[13, 14, 2, 943]
[13, 14, 3, 188, 284023, 493636, 307545]
[13, 14, 4, 17519]
[13, 14, 5, 3441]
[13, 14, 6, 2686]
[13, 14, 7, 15964]
[13, 14, 8, 15209]
[13, 14, 9, 1131]
[13, 14, 10, 18462]
[13, 14, 11, 17707]
[13, 14, 12, 3629]
[13, 14, 13, 16152]
[13, 14, 14, 18650]
[10, 0, 0, 379]
[10, 0, 1, 3192]
[10, 0, 2, 205]
[10, 0, 4, 3571]
[10, 0, 5, 584]
[10, 0, 6, 379]
[10, 0, 7, 3397]
[10, 0, 8, 3192]
[10, 0, 9, 205]
[10, 0, 10, 3776]
[10, 0, 11, 3571]
[10, 0, 12, 584]
[10, 0, 13, 3397]
[10, 0, 14, 3776]
[10, 1, 0, 361]
[10, 1, 1, 6706]
[10, 1, 2, 340]
[10, 1, 3, 251]
[10, 1, 4, 7067]
[10, 1, 5, 701]
[10, 1, 6, 612]
[10, 1, 7, 7046]
[10, 1, 8, 6957]
[10, 1, 9, 591]
[10, 1, 10, 7407]
[10, 1, 11, 7318]
[10, 1, 12, 952]
[10, 1, 13, 7297]
[10, 1, 14, 7658]
[10, 2, 0, 6]
[10, 2, 1, 2771]
[10, 2, 2, 545]
[10, 2, 4, 2777]
[10, 2, 5, 551]
[10, 2, 6, 6]
[10, 2, 7, 3316]
[10, 2, 8, 2771]
[10, 2, 9, 545]
[10, 2, 10, 3322]
[10, 2, 11, 2777]
[10, 2, 12, 551]
[10, 2, 13, 3316]
[10, 2, 14, 3322]
[10, 3, 0, 2156]
[10, 3, 1, 8295]
[10, 3, 4, 10451]
[10, 3, 5, 2156]
[10, 3, 6, 2156]
[10, 3, 7, 8295]
[10, 3, 8, 8295]
[10, 3, 10, 10451]
[10, 3, 11, 10451]
[10, 3, 12, 2156]
[10, 3, 13, 8295]
[10, 3, 14, 10451]
[10, 4, 0, 740]
[10, 4, 1, 9898]
[10, 4, 2, 545]
[10, 4, 3, 251]
[10, 4, 4, 10638]
[10, 4, 5, 1285]
[10, 4, 6, 991]
[10, 4, 7, 10443]
[10, 4, 8, 10149]
[10, 4, 9, 796]
[10, 4, 10, 11183]
[10, 4, 11, 10889]
[10, 4, 12, 1536]
[10, 4, 13, 10694]
[10, 4, 14, 11434]
[10, 5, 0, 385]
[10, 5, 1, 5963]
[10, 5, 2, 750]
[10, 5, 4, 6348]
[10, 5, 5, 1135]
[10, 5, 6, 385]
[10, 5, 7, 6713]
[10, 5, 8, 5963]
[10, 5, 9, 750]
[10, 5, 10, 7098]
[10, 5, 11, 6348]
[10, 5, 12, 1135]
[10, 5, 13, 6713]
[10, 5, 14, 7098]
[10, 6, 0, 2535]
[10, 6, 1, 11487]
[10, 6, 2, 205]
[10, 6, 4, 14022]
[10, 6, 5, 2740]
[10, 6, 6, 2535]
[10, 6, 7, 11692]
[10, 6, 8, 11487]
[10, 6, 9, 205]
[10, 6, 10, 14227]
[10, 6, 11, 14022]
[10, 6, 12, 2740]
[10, 6, 13, 11692]
[10, 6, 14, 14227]
[10, 7, 0, 367]
[10, 7, 1, 9477]
[10, 7, 2, 885]
[10, 7, 3, 251]
[10, 7, 4, 9844]
[10, 7, 5, 1252]
[10, 7, 6, 618]
[10, 7, 7, 10362]
[10, 7, 8, 9728]
[10, 7, 9, 1136]
[10, 7, 10, 10729]
[10, 7, 11, 10095]
[10, 7, 12, 1503]
[10, 7, 13, 10613]
[10, 7, 14, 10980]
[10, 8, 0, 2517]
[10, 8, 1, 15001]
[10, 8, 2, 340]
[10, 8, 3, 251]
[10, 8, 4, 17518]
[10, 8, 5, 2857]
[10, 8, 6, 2768]
[10, 8, 7, 15341]
[10, 8, 8, 15252]
[10, 8, 9, 591]
[10, 8, 10, 17858]
[10, 8, 11, 17769]
[10, 8, 12, 3108]
[10, 8, 13, 15592]
[10, 8, 14, 18109]
[10, 9, 0, 2162]
[10, 9, 1, 11066]
[10, 9, 2, 545]
[10, 9, 4, 13228]
[10, 9, 5, 2707]
[10, 9, 6, 2162]
[10, 9, 7, 11611]
[10, 9, 8, 11066]
[10, 9, 9, 545]
[10, 9, 10, 13773]
[10, 9, 11, 13228]
[10, 9, 12, 2707]
[10, 9, 13, 11611]
[10, 9, 14, 13773]
[10, 10, 0, 746]
[10, 10, 1, 12669]
[10, 10, 2, 1090]
[10, 10, 3, 251]
[10, 10, 4, 13415]
[10, 10, 5, 1836]
[10, 10, 6, 997]
[10, 10, 7, 13759]
[10, 10, 8, 12920]
[10, 10, 9, 1341]
[10, 10, 10, 14505]
[10, 10, 11, 13666]
[10, 10, 12, 2087]
[10, 10, 13, 14010]
[10, 10, 14, 14756]
[10, 11, 0, 2896]
[10, 11, 1, 18193]
[10, 11, 2, 545]
[10, 11, 3, 251]
[10, 11, 4, 21089]
[10, 11, 5, 3441]
[10, 11, 6, 3147]
[10, 11, 7, 18738]
[10, 11, 8, 18444]
[10, 11, 9, 796]
[10, 11, 10, 21634]
[10, 11, 11, 21340]
[10, 11, 12, 3692]
[10, 11, 13, 18989]
[10, 11, 14, 21885]
[10, 12, 0, 2541]
[10, 12, 1, 14258]
[10, 12, 2, 750]
[10, 12, 4, 16799]
[10, 12, 5, 3291]
[10, 12, 6, 2541]
[10, 12, 7, 15008]
[10, 12, 8, 14258]
[10, 12, 9, 750]
[10, 12, 10, 17549]
[10, 12, 11, 16799]
[10, 12, 12, 3291]
[10, 12, 13, 15008]
[10, 12, 14, 17549]
[10, 13, 0, 2523]
[10, 13, 1, 17772]
[10, 13, 2, 885]
[10, 13, 3, 251]
[10, 13, 4, 20295]
[10, 13, 5, 3408]
[10, 13, 6, 2774]
[10, 13, 7, 18657]
[10, 13, 8, 18023]
[10, 13, 9, 1136]
[10, 13, 10, 21180]
[10, 13, 11, 20546]
[10, 13, 12, 3659]
[10, 13, 13, 18908]
[10, 13, 14, 21431]
[10, 14, 0, 2902]
[10, 14, 1, 20964]
[10, 14, 2, 1090]
[10, 14, 3, 251]
[10, 14, 4, 23866]
[10, 14, 5, 3992]
[10, 14, 6, 3153]
[10, 14, 7, 22054]
[10, 14, 8, 21215]
[10, 14, 9, 1341]
[10, 14, 10, 24956]
[10, 14, 11, 24117]
[10, 14, 12, 4243]
[10, 14, 13, 22305]
[10, 14, 14, 25207]
[12, 0, 0, 310]
[12, 0, 1, 2425]
[12, 0, 2, 182]
[12, 0, 4, 2735]
[12, 0, 5, 492]
[12, 0, 6, 310]
[12, 0, 7, 2607]
[12, 0, 8, 2425]
[12, 0, 9, 182]
[12, 0, 10, 2917]
[12, 0, 11, 2735]
[12, 0, 12, 492]
[12, 0, 13, 2607]
[12, 0, 14, 2917]
[12, 1, 0, 233]
[12, 1, 1, 2939]
[12, 1, 2, 265]
[12, 1, 3, 126]
[12, 1, 4, 3172]
[12, 1, 5, 498]
[12, 1, 6, 359]
[12, 1, 7, 3204]
[12, 1, 8, 3065]
[12, 1, 9, 391]
[12, 1, 10, 3437]
[12, 1, 11, 3298]
[12, 1, 12, 624]
[12, 1, 13, 3330]
[12, 1, 14, 3563]
[12, 2, 0, 4]
[12, 2, 1, 1557]
[12, 2, 2, 470]
[12, 2, 4, 1561]
[12, 2, 5, 474]
[12, 2, 6, 4]
[12, 2, 7, 2027]
[12, 2, 8, 1557]
[12, 2, 9, 470]
[12, 2, 10, 2031]
[12, 2, 11, 1561]
[12, 2, 12, 474]
[12, 2, 13, 2027]
[12, 2, 14, 2031]
[12, 3, 0, 1855]
[12, 3, 1, 5267]
[12, 3, 4, 7122]
[12, 3, 5, 1855]
[12, 3, 6, 1855]
[12, 3, 7, 5267]
[12, 3, 8, 5267]
[12, 3, 10, 7122]
[12, 3, 11, 7122]
[12, 3, 12, 1855]
[12, 3, 13, 5267]
[12, 3, 14, 7122]
[12, 4, 0, 543]
[12, 4, 1, 5364]
[12, 4, 2, 447]
[12, 4, 3, 126]
[12, 4, 4, 5907]
[12, 4, 5, 990]
[12, 4, 6, 669]
[12, 4, 7, 5811]
[12, 4, 8, 5490]
[12, 4, 9, 573]
[12, 4, 10, 6354]
[12, 4, 11, 6033]
[12, 4, 12, 1116]
[12, 4, 13, 5937]
[12, 4, 14, 6480]
[12, 5, 0, 314]
[12, 5, 1, 3982]
[12, 5, 2, 652]
[12, 5, 4, 4296]
[12, 5, 5, 966]
[12, 5, 6, 314]
[12, 5, 7, 4634]
[12, 5, 8, 3982]
[12, 5, 9, 652]
[12, 5, 10, 4948]
[12, 5, 11, 4296]
[12, 5, 12, 966]
[12, 5, 13, 4634]
[12, 5, 14, 4948]
[12, 6, 0, 2165]
[12, 6, 1, 7692]
[12, 6, 2, 182]
[12, 6, 4, 9857]
[12, 6, 5, 2347]
[12, 6, 6, 2165]
[12, 6, 7, 7874]
[12, 6, 8, 7692]
[12, 6, 9, 182]
[12, 6, 10, 10039]
[12, 6, 11, 9857]
[12, 6, 12, 2347]
[12, 6, 13, 7874]
[12, 6, 14, 10039]
[12, 7, 0, 237]
[12, 7, 1, 4496]
[12, 7, 2, 735]
[12, 7, 3, 126]
[12, 7, 4, 4733]
[12, 7, 5, 972]
[12, 7, 6, 363]
[12, 7, 7, 5231]
[12, 7, 8, 4622]
[12, 7, 9, 861]
[12, 7, 10, 5468]
[12, 7, 11, 4859]
[12, 7, 12, 1098]
[12, 7, 13, 5357]
[12, 7, 14, 5594]
[12, 8, 0, 2088]
[12, 8, 1, 8206]
[12, 8, 2, 265]
[12, 8, 3, 126]
[12, 8, 4, 10294]
[12, 8, 5, 2353]
[12, 8, 6, 2214]
[12, 8, 7, 8471]
[12, 8, 8, 8332]
[12, 8, 9, 391]
[12, 8, 10, 10559]
[12, 8, 11, 10420]
[12, 8, 12, 2479]
[12, 8, 13, 8597]
[12, 8, 14, 10685]
[12, 9, 0, 1859]
[12, 9, 1, 6824]
[12, 9, 2, 470]
[12, 9, 4, 8683]
[12, 9, 5, 2329]
[12, 9, 6, 1859]
[12, 9, 7, 7294]
[12, 9, 8, 6824]
[12, 9, 9, 470]
[12, 9, 10, 9153]
[12, 9, 11, 8683]
[12, 9, 12, 2329]
[12, 9, 13, 7294]
[12, 9, 14, 9153]
[12, 10, 0, 547]
[12, 10, 1, 6921]
[12, 10, 2, 917]
[12, 10, 3, 126]
[12, 10, 4, 7468]
[12, 10, 5, 1464]
[12, 10, 6, 673]
[12, 10, 7, 7838]
[12, 10, 8, 7047]
[12, 10, 9, 1043]
[12, 10, 10, 8385]
[12, 10, 11, 7594]
[12, 10, 12, 1590]
[12, 10, 13, 7964]
[12, 10, 14, 8511]
[12, 11, 0, 2398]
[12, 11, 1, 10631]
[12, 11, 2, 447]
[12, 11, 3, 126]
[12, 11, 4, 13029]
[12, 11, 5, 2845]
[12, 11, 6, 2524]
[12, 11, 7, 11078]
[12, 11, 8, 10757]
[12, 11, 9, 573]
[12, 11, 10, 13476]
[12, 11, 11, 13155]
[12, 11, 12, 2971]
[12, 11, 13, 11204]
[12, 11, 14, 13602]
[12, 12, 0, 2169]
[12, 12, 1, 9249]
[12, 12, 2, 652]
[12, 12, 4, 11418]
[12, 12, 5, 2821]
[12, 12, 6, 2169]
[12, 12, 7, 9901]
[12, 12, 8, 9249]
[12, 12, 9, 652]
[12, 12, 10, 12070]
[12, 12, 11, 11418]
[12, 12, 12, 2821]
[12, 12, 13, 9901]
[12, 12, 14, 12070]
[12, 13, 0, 2092]
[12, 13, 1, 9763]
[12, 13, 2, 735]
[12, 13, 3, 126]
[12, 13, 4, 11855]
[12, 13, 5, 2827]
[12, 13, 6, 2218]
[12, 13, 7, 10498]
[12, 13, 8, 9889]
[12, 13, 9, 861]
[12, 13, 10, 12590]
[12, 13, 11, 11981]
[12, 13, 12, 2953]
[12, 13, 13, 10624]
[12, 13, 14, 12716]
[12, 14, 0, 2402]
[12, 14, 1, 12188]
[12, 14, 2, 917]
[12, 14, 3, 126]
[12, 14, 4, 14590]
[12, 14, 5, 3319]
[12, 14, 6, 2528]
[12, 14, 7, 13105]
[12, 14, 8, 12314]
[12, 14, 9, 1043]
[12, 14, 10, 15507]
[12, 14, 11, 14716]
[12, 14, 12, 3445]
[12, 14, 13, 13231]
[12, 14, 14, 15633]
[3, 0, 0, 71, 394685]
[3, 0, 1, 602, 490279, 490325, 490531, 507874, 541558]
[3, 0, 2, 39]
[3, 0, 4, 673, 394685, 490279, 490325, 490531, 507874, 541558, 302225]
[3, 0, 5, 110, 394685]
[3, 0, 6, 71, 394685]
[3, 0, 7, 641, 490279, 490325, 490531, 507874, 541558, 473951, 556803]
[3, 0, 8, 602, 490279, 490325, 490531, 507874, 541558]
[3, 0, 9, 39]
[3, 0, 10, 712, 394685, 490279, 490325, 490531, 507874, 541558, 302225]
[3, 0, 11, 673, 394685, 490279, 490325, 490531, 507874, 541558, 302225]
[3, 0, 12, 110, 394685]
[3, 0, 13, 641, 490279, 490325, 490531, 507874, 541558, 473951, 556803]
[3, 0, 14, 712, 394685, 490279, 490325, 490531, 507874, 541558, 302225]
[3, 1, 0, 31]
[3, 1, 1, 199, 428323, 444590, 348832, 559223, 366029, 348520, 307475, 443887, 477011]
[3, 1, 2, 62]
[3, 1, 3, 19]
[3, 1, 4, 230, 428323, 444590, 510194, 510196, 589603, 348832, 559223]
[3, 1, 5, 93]
[3, 1, 6, 50]
[3, 1, 7, 261, 428323, 444590, 398189, 366853, 348832, 559223]
[3, 1, 8, 218, 428323, 444590, 348832, 559223, 366029, 348520]
[3, 1, 9, 81, 398189]
[3, 1, 10, 292, 428323, 444590, 510194, 510196, 589603, 398189]
[3, 1, 11, 249, 428323, 444590, 510194, 510196, 589603, 348832, 559223]
[3, 1, 12, 112]
[3, 1, 13, 280, 428323, 444590, 398189]
[3, 1, 14, 311, 428323, 444590, 510194, 510196, 589603, 398189]
[3, 2, 1, 194]
[3, 2, 2, 139]
[3, 2, 4, 194]
[3, 2, 5, 139]
[3, 2, 7, 333]
[3, 2, 8, 194]
[3, 2, 9, 139]
[3, 2, 10, 333]
[3, 2, 11, 194]
[3, 2, 12, 139]
[3, 2, 13, 333]
[3, 2, 14, 333]
[3, 3, 0, 509]
[3, 3, 1, 882, 264337, 287986, 288752, 370494, 386738, 514760, 400621, 496760]
[3, 3, 4, 1391, 263152, 263188, 264337, 287644, 287986, 288752, 369413, 369950, 370494, 386738, 400957, 430941, 430996, 431000, 496272, 514760, 400621]
[3, 3, 5, 509]
[3, 3, 6, 509]
[3, 3, 7, 882, 264337, 287986, 288752, 370494, 386738, 514760, 400621, 496760]
[3, 3, 8, 882, 264337, 287986, 288752, 370494, 386738, 514760, 400621, 496760]
[3, 3, 10, 1391, 263152, 263188, 264337, 287644, 287986, 288752, 369413, 369950, 370494, 386738, 400957, 430941, 430996, 431000, 496272, 514760, 400621]
[3, 3, 11, 1391, 263152, 263188, 264337, 287644, 287986, 288752, 369413, 369950, 370494, 386738, 400957, 430941, 430996, 431000, 496272, 514760, 400621]
[3, 3, 12, 509]
[3, 3, 13, 882, 264337, 287986, 288752, 370494, 386738, 514760, 400621, 496760]
[3, 3, 14, 1391, 263152, 263188, 264337, 287644, 287986, 288752, 369413, 369950, 370494, 386738, 400957, 430941, 430996, 431000, 496272, 514760, 400621]
[3, 4, 0, 102]
[3, 4, 1, 801, 428323, 444590, 490279, 490325, 490531, 507874, 541558, 348832, 559223, 366029]
[3, 4, 2, 101]
[3, 4, 3, 19]
[3, 4, 4, 903, 394685, 428323, 444590, 490279, 490325, 490531, 507874, 510194, 510196, 589603, 541558, 302225, 348832, 559223]
[3, 4, 5, 203]
[3, 4, 6, 121]
[3, 4, 7, 902, 428323, 444590, 490279, 490325, 490531, 507874, 398189, 541558, 366853, 348832, 559223]
[3, 4, 8, 820, 428323, 444590, 490279, 490325, 490531, 507874, 541558, 348832, 559223, 366029]
[3, 4, 9, 120]
[3, 4, 10, 1004, 394685, 428323, 444590, 490279, 490325, 490531, 507874, 510194, 510196, 589603, 398189, 541558]
[3, 4, 11, 922, 394685, 428323, 444590, 490279, 490325, 490531, 507874, 510194, 510196, 589603, 541558, 302225, 348832, 559223]
[3, 4, 12, 222]
[3, 4, 13, 921, 428323, 444590, 490279, 490325, 490531, 507874, 398189, 541558, 366853, 348832, 559223]
[3, 4, 14, 1023, 394685, 428323, 444590, 490279, 490325, 490531, 507874, 510194, 510196, 589603, 398189, 541558]
[3, 5, 0, 71, 394685]
[3, 5, 1, 796, 490279, 490325, 490531, 507874, 541558, 591185, 308731]
[3, 5, 2, 178]
[3, 5, 4, 867, 394685, 490279, 490325, 490531, 507874, 541558, 302225, 591185]
[3, 5, 5, 249, 394685]
[3, 5, 6, 71, 394685]
[3, 5, 7, 974, 490279, 490325, 490531, 507874, 541558]
[3, 5, 8, 796, 490279, 490325, 490531, 507874, 541558, 591185, 308731]
[3, 5, 9, 178]
[3, 5, 10, 1045, 394685, 490279, 490325, 490531, 507874]
[3, 5, 11, 867, 394685, 490279, 490325, 490531, 507874, 541558, 302225, 591185]
[3, 5, 12, 249, 394685]
[3, 5, 13, 974, 490279, 490325, 490531, 507874, 541558]
[3, 5, 14, 1045, 394685, 490279, 490325, 490531, 507874]
[3, 6, 0, 580]
[3, 6, 1, 1484, 264337, 287986, 288752, 370494, 386738, 490279, 490325, 490531, 507874, 514760, 400621, 541558]
[3, 6, 2, 39]
[3, 6, 4, 2064, 263152, 263188, 264337, 287644, 287986, 288752, 369413, 369950, 370494, 386738, 394685, 400957, 430941, 430996, 431000, 490279, 490325, 490531, 496272, 507874, 514760, 400621]
[3, 6, 5, 619]
[3, 6, 6, 580]
[3, 6, 7, 1523, 264337, 287986, 288752, 370494, 386738, 490279, 490325, 490531, 507874, 514760, 400621, 541558]
[3, 6, 8, 1484, 264337, 287986, 288752, 370494, 386738, 490279, 490325, 490531, 507874, 514760, 400621, 541558]
[3, 6, 9, 39]
[3, 6, 10, 2103, 263152, 263188, 264337, 287644, 287986, 288752, 369413, 369950, 370494, 386738, 394685, 400957, 430941, 430996, 431000, 490279, 490325, 490531, 496272, 507874, 514760, 400621]
[3, 6, 11, 2064, 263152, 263188, 264337, 287644, 287986, 288752, 369413, 369950, 370494, 386738, 394685, 400957, 430941, 430996, 431000, 490279, 490325, 490531, 496272, 507874, 514760, 400621]
[3, 6, 12, 619]
[3, 6, 13, 1523, 264337, 287986, 288752, 370494, 386738, 490279, 490325, 490531, 507874, 514760, 400621, 541558]
[3, 6, 14, 2103, 263152, 263188, 264337, 287644, 287986, 288752, 369413, 369950, 370494, 386738, 394685, 400957, 430941, 430996, 431000, 490279, 490325, 490531, 496272, 507874, 514760, 400621]
[3, 7, 0, 31]
[3, 7, 1, 393, 428323, 444590]
[3, 7, 2, 201]
[3, 7, 3, 19]
[3, 7, 4, 424, 428323, 444590, 510194, 510196, 589603]
[3, 7, 5, 232]
[3, 7, 6, 50]
[3, 7, 7, 594, 428323, 444590]
[3, 7, 8, 412, 428323, 444590]
[3, 7, 9, 220]
[3, 7, 10, 625, 428323, 444590, 510194, 510196, 589603]
[3, 7, 11, 443, 428323, 444590, 510194, 510196, 589603]
[3, 7, 12, 251, 510194, 510196, 589603]
[3, 7, 13, 613, 428323, 444590]
[3, 7, 14, 644, 428323, 444590, 510194, 510196, 589603]
[3, 8, 0, 540]
[3, 8, 1, 1081, 264337, 287986, 288752, 370494, 386738, 428323, 444590, 514760, 400621, 348832, 559223]
[3, 8, 2, 62]
[3, 8, 3, 19]
[3, 8, 4, 1621]
[3, 8, 5, 602]
[3, 8, 6, 559]
[3, 8, 7, 1143, 264337, 287986, 288752, 370494, 386738, 428323, 444590, 514760, 400621, 398189, 366853, 348832, 559223]
[3, 8, 8, 1100, 264337, 287986, 288752, 370494, 386738, 428323, 444590, 514760, 400621, 348832, 559223]
[3, 8, 9, 81, 398189]
[3, 8, 10, 1683]
[3, 8, 11, 1640]
[3, 8, 12, 621]
[3, 8, 13, 1162, 264337, 287986, 288752, 370494, 386738, 428323, 444590, 514760, 400621, 398189, 366853, 348832, 559223]
[3, 8, 14, 1702]
[3, 9, 0, 509]
[3, 9, 1, 1076, 264337, 287986, 288752, 370494, 386738, 514760, 400621, 591185]
[3, 9, 2, 139]
[3, 9, 4, 1585, 263152, 263188, 264337, 287644, 287986, 288752, 369413, 369950, 370494, 386738, 400957, 430941, 430996, 431000, 496272, 514760, 400621]
[3, 9, 5, 648]
[3, 9, 6, 509]
[3, 9, 7, 1215, 264337, 287986, 288752, 370494, 386738, 514760, 400621]
[3, 9, 8, 1076, 264337, 287986, 288752, 370494, 386738, 514760, 400621, 591185]
[3, 9, 9, 139]
[3, 9, 10, 1724, 263152, 263188, 264337, 287644, 287986, 288752, 369413, 369950, 370494, 386738, 400957, 430941, 430996, 431000, 496272, 514760, 400621]
[3, 9, 11, 1585, 263152, 263188, 264337, 287644, 287986, 288752, 369413, 369950, 370494, 386738, 400957, 430941, 430996, 431000, 496272, 514760, 400621]
[3, 9, 12, 648]
[3, 9, 13, 1215, 264337, 287986, 288752, 370494, 386738, 514760, 400621]
[3, 9, 14, 1724, 263152, 263188, 264337, 287644, 287986, 288752, 369413, 369950, 370494, 386738, 400957, 430941, 430996, 431000, 496272, 514760, 400621]
[3, 10, 0, 102]
[3, 10, 1, 995, 428323, 444590, 490279, 490325, 490531, 507874, 541558, 348832, 591185, 559223, 308731]
[3, 10, 2, 240]
[3, 10, 3, 19]
[3, 10, 4, 1097, 394685, 428323, 444590, 490279, 490325, 490531, 507874, 510194, 510196, 589603, 541558]
[3, 10, 5, 342]
[3, 10, 6, 121]
[3, 10, 7, 1235, 428323, 444590, 490279, 490325, 490531, 507874, 398189]
[3, 10, 8, 1014, 428323, 444590, 490279, 490325, 490531, 507874, 541558, 348832, 591185, 559223, 308731]
[3, 10, 9, 259]
[3, 10, 10, 1337, 394685, 428323, 444590, 490279, 490325, 490531, 507874, 510194, 510196, 589603]
[3, 10, 11, 1116, 394685, 428323, 444590, 490279, 490325, 490531, 507874, 510194, 510196, 589603, 541558]
[3, 10, 12, 361]
[3, 10, 13, 1254, 428323, 444590, 490279, 490325, 490531, 507874, 398189]
[3, 10, 14, 1356, 394685, 428323, 444590, 490279, 490325, 490531, 507874, 510194, 510196, 589603]
[3, 11, 0, 611]
[3, 11, 1, 1683, 264337, 287986, 288752, 370494, 386738, 428323, 444590, 490279, 490325, 490531, 507874, 514760, 400621, 541558, 348832, 559223]
[3, 11, 2, 101]
[3, 11, 3, 19]
[3, 11, 4, 2294, 263152, 263188, 264337, 287644, 287986, 288752, 369413, 369950, 370494, 386738, 394685, 400957, 428323, 430941, 430996, 431000, 444590, 490279, 490325, 490531, 496272, 507874, 510194, 510196, 514760, 589603, 400621]
[3, 11, 5, 712]
[3, 11, 6, 630]
[3, 11, 7, 1784, 264337, 287986, 288752, 370494, 386738, 428323, 444590, 490279, 490325, 490531, 507874, 514760, 400621, 398189, 541558, 366853, 348832, 559223]
[3, 11, 8, 1702, 264337, 287986, 288752, 370494, 386738, 428323, 444590, 490279, 490325, 490531, 507874, 514760, 400621, 541558, 348832, 559223]
[3, 11, 9, 120]
[3, 11, 10, 2395, 263152, 263188, 264337, 287644, 287986, 288752, 369413, 369950, 370494, 386738, 394685, 400957, 428323, 430941, 430996, 431000, 444590, 490279, 490325, 490531, 496272, 507874, 510194, 510196, 514760, 589603, 400621]
[3, 11, 11, 2313, 263152, 263188, 264337, 287644, 287986, 288752, 369413, 369950, 370494, 386738, 394685, 400957, 428323, 430941, 430996, 431000, 444590, 490279, 490325, 490531, 496272, 507874, 510194, 510196, 514760, 589603, 400621]
[3, 11, 12, 731]
[3, 11, 13, 1803, 264337, 287986, 288752, 370494, 386738, 428323, 444590, 490279, 490325, 490531, 507874, 514760, 400621, 398189, 541558, 366853, 348832, 559223]
[3, 11, 14, 2414, 263152, 263188, 264337, 287644, 287986, 288752, 369413, 369950, 370494, 386738, 394685, 400957, 428323, 430941, 430996, 431000, 444590, 490279, 490325, 490531, 496272, 507874, 510194, 510196, 514760, 589603, 400621]
[3, 12, 0, 580]
[3, 12, 1, 1678, 264337, 287986, 288752, 370494, 386738, 490279, 490325, 490531, 507874, 514760, 400621, 541558, 591185]
[3, 12, 2, 178]
[3, 12, 4, 2258, 263152, 263188, 264337, 287644, 287986, 288752, 369413, 369950, 370494, 386738, 394685, 400957, 430941, 430996, 431000, 490279, 490325, 490531, 496272, 507874, 514760, 400621]
[3, 12, 5, 758]
[3, 12, 6, 580]
[3, 12, 7, 1856, 264337, 287986, 288752, 370494, 386738, 490279, 490325, 490531, 507874, 514760, 400621, 541558]
[3, 12, 8, 1678, 264337, 287986, 288752, 370494, 386738, 490279, 490325, 490531, 507874, 514760, 400621, 541558, 591185]
[3, 12, 9, 178]
[3, 12, 10, 2436, 263152, 263188, 264337, 287644, 287986, 288752, 369413, 369950, 370494, 386738, 394685, 400957, 430941, 430996, 431000, 490279, 490325, 490531, 496272, 507874, 514760, 400621]
[3, 12, 11, 2258, 263152, 263188, 264337, 287644, 287986, 288752, 369413, 369950, 370494, 386738, 394685, 400957, 430941, 430996, 431000, 490279, 490325, 490531, 496272, 507874, 514760, 400621]
[3, 12, 12, 758]
[3, 12, 13, 1856, 264337, 287986, 288752, 370494, 386738, 490279, 490325, 490531, 507874, 514760, 400621, 541558]
[3, 12, 14, 2436, 263152, 263188, 264337, 287644, 287986, 288752, 369413, 369950, 370494, 386738, 394685, 400957, 430941, 430996, 431000, 490279, 490325, 490531, 496272, 507874, 514760, 400621]
[3, 13, 0, 540]
[3, 13, 1, 1275, 264337, 287986, 288752, 370494, 386738, 428323, 444590, 514760, 400621]
[3, 13, 2, 201]
[3, 13, 3, 19]
[3, 13, 4, 1815]
[3, 13, 5, 741]
[3, 13, 6, 559]
[3, 13, 7, 1476, 264337, 287986, 288752, 370494, 386738, 428323, 444590, 514760, 400621, 398189]
[3, 13, 8, 1294, 264337, 287986, 288752, 370494, 386738, 428323, 444590, 514760, 400621]
[3, 13, 9, 220]
[3, 13, 10, 2016]
[3, 13, 11, 1834]
[3, 13, 12, 760]
[3, 13, 13, 1495, 264337, 287986, 288752, 370494, 386738, 428323, 444590, 514760, 400621, 398189]
[3, 13, 14, 2035]
[3, 14, 0, 611]
[3, 14, 1, 1877, 264337, 287986, 288752, 370494, 386738, 428323, 444590, 490279, 490325, 490531, 507874, 514760, 400621, 541558, 348832, 591185]
[3, 14, 2, 240]
[3, 14, 3, 19]
[3, 14, 4, 2488, 263152, 263188, 264337, 287644, 287986, 288752, 369413, 369950, 370494, 386738, 394685, 400957, 428323, 430941, 430996, 431000, 444590, 490279, 490325, 490531, 496272, 507874, 510194, 510196, 514760, 589603, 400621]
[3, 14, 5, 851]
[3, 14, 6, 630]
[3, 14, 7, 2117, 264337, 287986, 288752, 370494, 386738, 428323, 444590, 490279, 490325, 490531, 507874, 514760, 400621, 398189, 541558]
[3, 14, 8, 1896, 264337, 287986, 288752, 370494, 386738, 428323, 444590, 490279, 490325, 490531, 507874, 514760, 400621, 541558, 348832, 591185]
[3, 14, 9, 259]
[3, 14, 10, 2728]
[3, 14, 11, 2507, 263152, 263188, 264337, 287644, 287986, 288752, 369413, 369950, 370494, 386738, 394685, 400957, 428323, 430941, 430996, 431000, 444590, 490279, 490325, 490531, 496272, 507874, 510194, 510196, 514760, 589603, 400621]
[3, 14, 12, 870]
[3, 14, 13, 2136, 264337, 287986, 288752, 370494, 386738, 428323, 444590, 490279, 490325, 490531, 507874, 514760, 400621, 398189, 541558]
[3, 14, 14, 2747]
[2, 0, 0, 87, 572215]
[2, 0, 1, 605, 255048, 278590, 441091]
[2, 0, 2, 66]
[2, 0, 4, 692, 255048, 278590, 441091, 572215]
[2, 0, 5, 153, 572215]
[2, 0, 6, 87, 572215]
[2, 0, 7, 671, 255048, 278590, 441091]
[2, 0, 8, 605, 255048, 278590, 441091]
[2, 0, 9, 66]
[2, 0, 10, 758, 255048, 278590, 441091, 572215]
[2, 0, 11, 692, 255048, 278590, 441091, 572215]
[2, 0, 12, 153, 572215]
[2, 0, 13, 671, 255048, 278590, 441091]
[2, 0, 14, 758, 255048, 278590, 441091, 572215]
[2, 1, 0, 82, 443750, 605413]
[2, 1, 1, 391, 282619, 283161, 328505, 348555, 397652, 412273, 398111, 328764]
[2, 1, 2, 77]
[2, 1, 3, 25, 284001]
[2, 1, 4, 473, 282619, 283161, 328505, 348555, 397652, 412273, 443750, 605413]
[2, 1, 5, 159, 443750, 605413]
[2, 1, 6, 107, 443750, 605413]
[2, 1, 7, 468, 282619, 283161, 328505, 348555, 397652, 412273, 398111]
[2, 1, 8, 416, 282619, 283161, 328505, 348555, 397652, 412273, 398111, 328764]
[2, 1, 9, 102]
[2, 1, 10, 550, 282619, 283161, 328505, 348555, 397652, 412273, 443750, 605413]
[2, 1, 11, 498, 282619, 283161, 328505, 348555, 397652, 412273, 443750, 605413]
[2, 1, 12, 184, 443750, 605413]
[2, 1, 13, 493, 282619, 283161, 328505, 348555, 397652, 412273, 398111]
[2, 1, 14, 575, 282619, 283161, 328505, 348555, 397652, 412273, 443750, 605413]
[2, 2, 0, 2]
[2, 2, 1, 258, 591405, 330933, 330623, 561179, 261000]
[2, 2, 2, 147, 478431, 576546]
[2, 2, 4, 260, 591405, 330933, 330623, 561179, 261000]
[2, 2, 5, 149, 478431, 576546]
[2, 2, 6, 2]
[2, 2, 7, 405, 478431, 576546, 591405]
[2, 2, 8, 258, 591405, 330933, 330623, 561179, 261000]
[2, 2, 9, 147, 478431, 576546]
[2, 2, 10, 407, 478431, 576546, 591405]
[2, 2, 11, 260, 591405, 330933, 330623, 561179, 261000]
[2, 2, 12, 149, 478431, 576546]
[2, 2, 13, 405, 478431, 576546, 591405]
[2, 2, 14, 407, 478431, 576546, 591405]
[2, 3, 0, 605]
[2, 3, 1, 1237, 264699, 264800, 287154, 288056, 288535, 288921, 386306, 386676, 386988, 401241, 401476, 447801, 531935, 563713, 431932, 622425, 563092]
[2, 3, 4, 1842]
[2, 3, 5, 605]
[2, 3, 6, 605]
[2, 3, 7, 1237, 264699, 264800, 287154, 288056, 288535, 288921, 386306, 386676, 386988, 401241, 401476, 447801, 531935, 563713, 431932, 622425, 563092]
[2, 3, 8, 1237, 264699, 264800, 287154, 288056, 288535, 288921, 386306, 386676, 386988, 401241, 401476, 447801, 531935, 563713, 431932, 622425, 563092]
[2, 3, 10, 1842]
[2, 3, 11, 1842]
[2, 3, 12, 605]
[2, 3, 13, 1237, 264699, 264800, 287154, 288056, 288535, 288921, 386306, 386676, 386988, 401241, 401476, 447801, 531935, 563713, 431932, 622425, 563092]
[2, 3, 14, 1842]
[2, 4, 0, 169]
[2, 4, 1, 996, 255048, 278590, 282619, 283161, 328505, 348555, 397652, 412273, 441091, 398111, 328764]
[2, 4, 2, 143]
[2, 4, 3, 25, 284001]
[2, 4, 4, 1165, 255048, 278590, 282619, 283161, 328505, 348555, 397652, 412273, 441091, 443750, 572215, 605413]
[2, 4, 5, 312]
[2, 4, 6, 194]
[2, 4, 7, 1139, 255048, 278590, 282619, 283161, 328505, 348555, 397652, 412273, 441091, 398111]
[2, 4, 8, 1021, 255048, 278590, 282619, 283161, 328505, 348555, 397652, 412273, 441091, 398111, 328764]
[2, 4, 9, 168]
[2, 4, 10, 1308, 255048, 278590, 282619, 283161, 328505, 348555, 397652, 412273, 441091, 443750, 572215, 605413]
[2, 4, 11, 1190, 255048, 278590, 282619, 283161, 328505, 348555, 397652, 412273, 441091, 443750, 572215, 605413]
[2, 4, 12, 337, 443750, 572215, 605413]
[2, 4, 13, 1164, 255048, 278590, 282619, 283161, 328505, 348555, 397652, 412273, 441091, 398111]
[2, 4, 14, 1333, 255048, 278590, 282619, 283161, 328505, 348555, 397652, 412273, 441091, 443750, 572215, 605413]
[2, 5, 0, 89, 572215]
[2, 5, 1, 863, 255048, 278590, 441091, 591405]
[2, 5, 2, 213, 478431, 576546]
[2, 5, 4, 952, 255048, 278590, 441091, 572215, 591405]
[2, 5, 5, 302, 478431, 572215, 576546]
[2, 5, 6, 89, 572215]
[2, 5, 7, 1076, 255048, 278590, 441091, 478431, 576546, 591405]
[2, 5, 8, 863, 255048, 278590, 441091, 591405]
[2, 5, 9, 213, 478431, 576546]
[2, 5, 10, 1165, 255048, 278590, 441091, 478431, 572215, 576546, 591405]
[2, 5, 11, 952, 255048, 278590, 441091, 572215, 591405]
[2, 5, 12, 302, 478431, 572215, 576546]
[2, 5, 13, 1076, 255048, 278590, 441091, 478431, 576546, 591405]
[2, 5, 14, 1165, 255048, 278590, 441091, 478431, 572215, 576546, 591405]
[2, 6, 0, 692]
[2, 6, 1, 1842, 255048, 264699, 264800, 278590, 287154, 288056, 288535, 288921, 386306, 386676, 386988, 401241, 401476, 441091, 447801, 531935, 563713, 431932, 622425, 563092]
[2, 6, 2, 66]
[2, 6, 4, 2534]
[2, 6, 5, 758]
[2, 6, 6, 692]
[2, 6, 7, 1908, 255048, 264699, 264800, 278590, 287154, 288056, 288535, 288921, 386306, 386676, 386988, 401241, 401476, 441091, 447801, 531935, 563713, 431932, 622425]
[2, 6, 8, 1842, 255048, 264699, 264800, 278590, 287154, 288056, 288535, 288921, 386306, 386676, 386988, 401241, 401476, 441091, 447801, 531935, 563713, 431932, 622425, 563092]
[2, 6, 9, 66]
[2, 6, 10, 2600]
[2, 6, 11, 2534]
[2, 6, 12, 758]
[2, 6, 13, 1908, 255048, 264699, 264800, 278590, 287154, 288056, 288535, 288921, 386306, 386676, 386988, 401241, 401476, 441091, 447801, 531935, 563713, 431932, 622425]
[2, 6, 14, 2600]
[2, 7, 0, 84, 443750, 605413]
[2, 7, 1, 649, 282619, 283161, 328505, 348555, 397652, 412273, 591405, 398111, 328764]
[2, 7, 2, 224, 478431, 576546]
[2, 7, 3, 25, 284001]
[2, 7, 4, 733, 282619, 283161, 328505, 348555, 397652, 412273, 443750, 591405, 605413, 398111]
[2, 7, 5, 308]
[2, 7, 6, 109, 443750, 605413]
[2, 7, 7, 873, 282619, 283161, 328505, 348555, 397652, 412273, 478431, 576546, 591405]
[2, 7, 8, 674, 282619, 283161, 328505, 348555, 397652, 412273, 591405, 398111, 328764]
[2, 7, 9, 249, 478431, 576546]
[2, 7, 10, 957, 282619, 283161, 328505, 348555, 397652, 412273, 443750, 478431, 576546, 591405, 605413]
[2, 7, 11, 758, 282619, 283161, 328505, 348555, 397652, 412273, 443750, 591405, 605413, 398111]
[2, 7, 12, 333]
[2, 7, 13, 898, 282619, 283161, 328505, 348555, 397652, 412273, 478431, 576546, 591405]
[2, 7, 14, 982, 282619, 283161, 328505, 348555, 397652, 412273, 443750, 478431, 576546, 591405, 605413]
[2, 8, 0, 687]
[2, 8, 1, 1628, 264699, 264800, 282619, 283161, 287154, 288056, 288535, 288921, 328505, 348555, 386306, 386676, 386988, 397652, 401241, 401476, 412273, 447801, 531935, 563713, 431932, 622425, 398111]
[2, 8, 2, 77]
[2, 8, 3, 25, 284001]
[2, 8, 4, 2315]
[2, 8, 5, 764]
[2, 8, 6, 712]
[2, 8, 7, 1705, 264699, 264800, 282619, 283161, 287154, 288056, 288535, 288921, 328505, 348555, 386306, 386676, 386988, 397652, 401241, 401476, 412273, 447801, 531935, 563713, 431932, 622425, 398111]
[2, 8, 8, 1653, 264699, 264800, 282619, 283161, 287154, 288056, 288535, 288921, 328505, 348555, 386306, 386676, 386988, 397652, 401241, 401476, 412273, 447801, 531935, 563713, 431932, 622425, 398111]
[2, 8, 9, 102]
[2, 8, 10, 2392]
[2, 8, 11, 2340]
[2, 8, 12, 789]
[2, 8, 13, 1730, 264699, 264800, 282619, 283161, 287154, 288056, 288535, 288921, 328505, 348555, 386306, 386676, 386988, 397652, 401241, 401476, 412273, 447801, 531935, 563713, 431932, 622425, 398111]
[2, 8, 14, 2417]
[2, 9, 0, 607]
[2, 9, 1, 1495, 264699, 264800, 287154, 288056, 288535, 288921, 386306, 386676, 386988, 401241, 401476, 447801, 531935, 563713, 591405, 431932, 622425, 563092]
[2, 9, 2, 147, 478431, 576546]
[2, 9, 4, 2102]
[2, 9, 5, 754]
[2, 9, 6, 607]
[2, 9, 7, 1642, 264699, 264800, 287154, 288056, 288535, 288921, 386306, 386676, 386988, 401241, 401476, 447801, 478431, 531935, 563713, 576546, 591405, 431932, 622425]
[2, 9, 8, 1495, 264699, 264800, 287154, 288056, 288535, 288921, 386306, 386676, 386988, 401241, 401476, 447801, 531935, 563713, 591405, 431932, 622425, 563092]
[2, 9, 9, 147, 478431, 576546]
[2, 9, 10, 2249]
[2, 9, 11, 2102]
[2, 9, 12, 754]
[2, 9, 13, 1642, 264699, 264800, 287154, 288056, 288535, 288921, 386306, 386676, 386988, 401241, 401476, 447801, 478431, 531935, 563713, 576546, 591405, 431932, 622425]
[2, 9, 14, 2249]
[2, 10, 0, 171]
[2, 10, 1, 1254, 255048, 278590, 282619, 283161, 328505, 348555, 397652, 412273, 441091, 591405, 398111]
[2, 10, 2, 290, 478431, 576546]
[2, 10, 3, 25, 284001]
[2, 10, 4, 1425, 255048, 278590, 282619, 283161, 328505, 348555, 397652, 412273, 441091, 443750, 572215, 591405, 605413]
[2, 10, 5, 461]
[2, 10, 6, 196]
[2, 10, 7, 1544, 255048, 278590, 282619, 283161, 328505, 348555, 397652, 412273, 441091, 478431, 576546, 591405]
[2, 10, 8, 1279, 255048, 278590, 282619, 283161, 328505, 348555, 397652, 412273, 441091, 591405, 398111]
[2, 10, 9, 315, 478431, 576546]
[2, 10, 10, 1715, 255048, 278590, 282619, 283161, 328505, 348555, 397652, 412273, 441091, 443750, 478431, 572215, 576546, 591405, 605413]
[2, 10, 11, 1450, 255048, 278590, 282619, 283161, 328505, 348555, 397652, 412273, 441091, 443750, 572215, 591405, 605413]
[2, 10, 12, 486]
[2, 10, 13, 1569, 255048, 278590, 282619, 283161, 328505, 348555, 397652, 412273, 441091, 478431, 576546, 591405]
[2, 10, 14, 1740, 255048, 278590, 282619, 283161, 328505, 348555, 397652, 412273, 441091, 443750, 478431, 572215, 576546, 591405, 605413]
[2, 11, 0, 774]
[2, 11, 1, 2233, 255048, 264699, 264800, 278590, 282619, 283161, 287154, 288056, 288535, 288921, 328505, 348555, 386306, 386676, 386988, 397652, 401241, 401476, 412273, 441091, 447801, 531935, 563713, 431932, 622425, 398111]
[2, 11, 2, 143]
[2, 11, 3, 25, 284001]
[2, 11, 4, 3007]
[2, 11, 5, 917]
[2, 11, 6, 799]
[2, 11, 7, 2376, 255048, 264699, 264800, 278590, 282619, 283161, 287154, 288056, 288535, 288921, 328505, 348555, 386306, 386676, 386988, 397652, 401241, 401476, 412273, 441091, 447801, 531935, 563713, 431932, 622425]
[2, 11, 8, 2258, 255048, 264699, 264800, 278590, 282619, 283161, 287154, 288056, 288535, 288921, 328505, 348555, 386306, 386676, 386988, 397652, 401241, 401476, 412273, 441091, 447801, 531935, 563713, 431932, 622425, 398111]
[2, 11, 9, 168]
[2, 11, 10, 3150]
[2, 11, 11, 3032]
[2, 11, 12, 942]
[2, 11, 13, 2401, 255048, 264699, 264800, 278590, 282619, 283161, 287154, 288056, 288535, 288921, 328505, 348555, 386306, 386676, 386988, 397652, 401241, 401476, 412273, 441091, 447801, 531935, 563713, 431932, 622425]
[2, 11, 14, 3175]
[2, 12, 0, 694]
[2, 12, 1, 2100, 255048, 264699, 264800, 278590, 287154, 288056, 288535, 288921, 386306, 386676, 386988, 401241, 401476, 441091, 447801, 531935, 563713, 591405, 431932, 622425]
[2, 12, 2, 213, 478431, 576546]
[2, 12, 4, 2794, 255048, 264699, 264800, 278590, 287154, 287844, 288056, 288535, 288921, 369198, 369767, 386109, 386306, 386676, 386988, 401241, 401476, 441091, 447801, 463849, 531935, 563713, 572215, 591405, 415359]
[2, 12, 5, 907]
[2, 12, 6, 694]
[2, 12, 7, 2313, 255048, 264699, 264800, 278590, 287154, 288056, 288535, 288921, 386306, 386676, 386988, 401241, 401476, 441091, 447801, 478431, 531935, 563713, 576546, 591405, 431932, 622425]
[2, 12, 8, 2100, 255048, 264699, 264800, 278590, 287154, 288056, 288535, 288921, 386306, 386676, 386988, 401241, 401476, 441091, 447801, 531935, 563713, 591405, 431932, 622425]
[2, 12, 9, 213, 478431, 576546]
[2, 12, 10, 3007]
[2, 12, 11, 2794, 255048, 264699, 264800, 278590, 287154, 287844, 288056, 288535, 288921, 369198, 369767, 386109, 386306, 386676, 386988, 401241, 401476, 441091, 447801, 463849, 531935, 563713, 572215, 591405, 415359]
[2, 12, 12, 907]
[2, 12, 13, 2313, 255048, 264699, 264800, 278590, 287154, 288056, 288535, 288921, 386306, 386676, 386988, 401241, 401476, 441091, 447801, 478431, 531935, 563713, 576546, 591405, 431932, 622425]
[2, 12, 14, 3007]
[2, 13, 0, 689]
[2, 13, 1, 1886, 264699, 264800, 282619, 283161, 287154, 288056, 288535, 288921, 328505, 348555, 386306, 386676, 386988, 397652, 401241, 401476, 412273, 447801, 531935, 563713, 591405, 431932, 622425, 398111]
[2, 13, 2, 224, 478431, 576546]
[2, 13, 3, 25, 284001]
[2, 13, 4, 2575]
[2, 13, 5, 913]
[2, 13, 6, 714]
[2, 13, 7, 2110, 264699, 264800, 282619, 283161, 287154, 288056, 288535, 288921, 328505, 348555, 386306, 386676, 386988, 397652, 401241, 401476, 412273, 447801, 478431, 531935, 563713, 576546, 591405]
[2, 13, 8, 1911, 264699, 264800, 282619, 283161, 287154, 288056, 288535, 288921, 328505, 348555, 386306, 386676, 386988, 397652, 401241, 401476, 412273, 447801, 531935, 563713, 591405, 431932, 622425, 398111]
[2, 13, 9, 249, 478431, 576546]
[2, 13, 10, 2799]
[2, 13, 11, 2600]
[2, 13, 12, 938]
[2, 13, 13, 2135, 264699, 264800, 282619, 283161, 287154, 288056, 288535, 288921, 328505, 348555, 386306, 386676, 386988, 397652, 401241, 401476, 412273, 447801, 478431, 531935, 563713, 576546, 591405]
[2, 13, 14, 2824]
[2, 14, 0, 776]
[2, 14, 1, 2491, 255048, 264699, 264800, 278590, 282619, 283161, 287154, 288056, 288535, 288921, 328505, 348555, 386306, 386676, 386988, 397652, 401241, 401476, 412273, 441091, 447801, 531935, 563713, 591405, 431932, 622425, 398111]
[2, 14, 2, 290, 478431, 576546]
[2, 14, 3, 25, 284001]
[2, 14, 4, 3267]
[2, 14, 5, 1066]
[2, 14, 6, 801]
[2, 14, 7, 2781, 255048, 264699, 264800, 278590, 282619, 283161, 287154, 288056, 288535, 288921, 328505, 348555, 386306, 386676, 386988, 397652, 401241, 401476, 412273, 441091, 447801, 478431, 531935, 563713, 576546, 591405]
[2, 14, 8, 2516, 255048, 264699, 264800, 278590, 282619, 283161, 287154, 288056, 288535, 288921, 328505, 348555, 386306, 386676, 386988, 397652, 401241, 401476, 412273, 441091, 447801, 531935, 563713, 591405, 431932, 622425, 398111]
[2, 14, 9, 315, 478431, 576546]
[2, 14, 10, 3557]
[2, 14, 11, 3292]
[2, 14, 12, 1091]
[2, 14, 13, 2806, 255048, 264699, 264800, 278590, 282619, 283161, 287154, 288056, 288535, 288921, 328505, 348555, 386306, 386676, 386988, 397652, 401241, 401476, 412273, 441091, 447801, 478431, 531935, 563713, 576546, 591405]
[2, 14, 14, 3582]
[9, 0, 0, 158]
[9, 0, 1, 1207, 255048, 278590, 441091, 490279, 490325, 490531, 507874, 541558]
[9, 0, 2, 105]
[9, 0, 4, 1365, 255048, 278590, 394685, 441091, 490279, 490325, 490531, 507874, 572215, 541558, 302225]
[9, 0, 5, 263, 394685, 572215]
[9, 0, 6, 158]
[9, 0, 7, 1312, 255048, 278590, 441091, 490279, 490325, 490531, 507874, 541558]
[9, 0, 8, 1207, 255048, 278590, 441091, 490279, 490325, 490531, 507874, 541558]
[9, 0, 9, 105]
[9, 0, 10, 1470, 255048, 278590, 394685, 441091, 490279, 490325, 490531, 507874, 572215, 541558]
[9, 0, 11, 1365, 255048, 278590, 394685, 441091, 490279, 490325, 490531, 507874, 572215, 541558, 302225]
[9, 0, 12, 263, 394685, 572215]
[9, 0, 13, 1312, 255048, 278590, 441091, 490279, 490325, 490531, 507874, 541558]
[9, 0, 14, 1470, 255048, 278590, 394685, 441091, 490279, 490325, 490531, 507874, 572215, 541558]
[9, 1, 0, 113]
[9, 1, 1, 590, 282619, 283161, 328505, 348555, 397652, 412273, 428323, 444590, 398111]
[9, 1, 2, 139]
[9, 1, 3, 44]
[9, 1, 4, 703]
[9, 1, 5, 252]
[9, 1, 6, 157]
[9, 1, 7, 729, 282619, 283161, 328505, 348555, 397652, 412273, 428323, 444590, 398189]
[9, 1, 8, 634, 282619, 283161, 328505, 348555, 397652, 412273, 428323, 444590, 398111]
[9, 1, 9, 183]
[9, 1, 10, 842]
[9, 1, 11, 747]
[9, 1, 12, 296]
[9, 1, 13, 773, 282619, 283161, 328505, 348555, 397652, 412273, 428323, 444590, 398189]
[9, 1, 14, 886]
[9, 2, 0, 2]
[9, 2, 1, 452, 591405]
[9, 2, 2, 286, 478431, 576546]
[9, 2, 4, 454, 591405]
[9, 2, 5, 288, 478431, 576546]
[9, 2, 6, 2]
[9, 2, 7, 738, 478431, 576546, 591405]
[9, 2, 8, 452, 591405]
[9, 2, 9, 286, 478431, 576546]
[9, 2, 10, 740, 478431, 576546, 591405]
[9, 2, 11, 454, 591405]
[9, 2, 12, 288, 478431, 576546]
[9, 2, 13, 738, 478431, 576546, 591405]
[9, 2, 14, 740, 478431, 576546, 591405]
[9, 3, 0, 1114]
[9, 3, 1, 2119, 264337, 264699, 264800, 287154, 287986, 288056, 288535, 288752, 288921, 370494, 386306, 386676, 386738, 386988, 401241, 401476, 447801, 514760, 531935, 563713, 400621, 431932, 622425, 563092]
[9, 3, 4, 3233]
[9, 3, 5, 1114]
[9, 3, 6, 1114]
[9, 3, 7, 2119, 264337, 264699, 264800, 287154, 287986, 288056, 288535, 288752, 288921, 370494, 386306, 386676, 386738, 386988, 401241, 401476, 447801, 514760, 531935, 563713, 400621, 431932, 622425, 563092]
[9, 3, 8, 2119, 264337, 264699, 264800, 287154, 287986, 288056, 288535, 288752, 288921, 370494, 386306, 386676, 386738, 386988, 401241, 401476, 447801, 514760, 531935, 563713, 400621, 431932, 622425, 563092]
[9, 3, 10, 3233]
[9, 3, 11, 3233]
[9, 3, 12, 1114]
[9, 3, 13, 2119, 264337, 264699, 264800, 287154, 287986, 288056, 288535, 288752, 288921, 370494, 386306, 386676, 386738, 386988, 401241, 401476, 447801, 514760, 531935, 563713, 400621, 431932, 622425, 563092]
[9, 3, 14, 3233]
[9, 4, 0, 271]
[9, 4, 1, 1797, 255048, 278590, 282619, 283161, 328505, 348555, 397652, 412273, 428323, 441091, 444590, 490279, 490325, 490531, 507874, 541558, 398111, 328764, 348832]
[9, 4, 2, 244]
[9, 4, 3, 44]
[9, 4, 4, 2068, 255048, 278590, 282619, 283161, 328505, 348555, 394685, 397652, 412273, 428323, 441091, 443750, 444590, 490279, 490325, 490531, 507874, 510194, 510196, 572215, 589603, 605413]
[9, 4, 5, 515]
[9, 4, 6, 315]
[9, 4, 7, 2041, 255048, 278590, 282619, 283161, 328505, 348555, 397652, 412273, 428323, 441091, 444590, 490279, 490325, 490531, 507874, 398189, 541558, 398111]
[9, 4, 8, 1841, 255048, 278590, 282619, 283161, 328505, 348555, 397652, 412273, 428323, 441091, 444590, 490279, 490325, 490531, 507874, 541558, 398111, 328764, 348832]
[9, 4, 9, 288]
[9, 4, 10, 2312, 255048, 278590, 282619, 283161, 328505, 348555, 394685, 397652, 412273, 428323, 441091, 443750, 444590, 490279, 490325, 490531, 507874, 510194, 510196, 572215, 589603, 605413]
[9, 4, 11, 2112, 255048, 278590, 282619, 283161, 328505, 348555, 394685, 397652, 412273, 428323, 441091, 443750, 444590, 490279, 490325, 490531, 507874, 510194, 510196, 572215, 589603, 605413]
[9, 4, 12, 559]
[9, 4, 13, 2085, 255048, 278590, 282619, 283161, 328505, 348555, 397652, 412273, 428323, 441091, 444590, 490279, 490325, 490531, 507874, 398189, 541558, 398111]
[9, 4, 14, 2356, 255048, 278590, 282619, 283161, 328505, 348555, 394685, 397652, 412273, 428323, 441091, 443750, 444590, 490279, 490325, 490531, 507874, 510194, 510196, 572215, 589603, 605413]
[9, 5, 0, 160]
[9, 5, 1, 1659, 255048, 278590, 441091, 490279, 490325, 490531, 507874, 591405, 541558, 591185]
[9, 5, 2, 391, 478431, 576546]
[9, 5, 4, 1819, 255048, 278590, 394685, 441091, 490279, 490325, 490531, 507874, 572215, 591405, 541558]
[9, 5, 5, 551]
[9, 5, 6, 160]
[9, 5, 7, 2050, 255048, 278590, 441091, 478431, 490279, 490325, 490531, 507874, 576546, 591405]
[9, 5, 8, 1659, 255048, 278590, 441091, 490279, 490325, 490531, 507874, 591405, 541558, 591185]
[9, 5, 9, 391, 478431, 576546]
[9, 5, 10, 2210, 255048, 278590, 394685, 441091, 478431, 490279, 490325, 490531, 507874, 572215, 576546, 591405]
[9, 5, 11, 1819, 255048, 278590, 394685, 441091, 490279, 490325, 490531, 507874, 572215, 591405, 541558]
[9, 5, 12, 551]
[9, 5, 13, 2050, 255048, 278590, 441091, 478431, 490279, 490325, 490531, 507874, 576546, 591405]
[9, 5, 14, 2210, 255048, 278590, 394685, 441091, 478431, 490279, 490325, 490531, 507874, 572215, 576546, 591405]
[9, 6, 0, 1272]
[9, 6, 1, 3326, 255048, 264337, 264699, 264800, 278590, 287154, 287986, 288056, 288535, 288752, 288921, 370494, 386306, 386676, 386738, 386988, 401241, 401476, 441091, 447801, 490279, 490325, 490531, 507874, 514760, 531935, 563713, 400621, 431932, 541558, 622425, 563092]
[9, 6, 2, 105]
[9, 6, 4, 4598]
[9, 6, 5, 1377]
[9, 6, 6, 1272]
[9, 6, 7, 3431, 255048, 264337, 264699, 264800, 278590, 287154, 287986, 288056, 288535, 288752, 288921, 370494, 386306, 386676, 386738, 386988, 401241, 401476, 441091, 447801, 490279, 490325, 490531, 507874, 514760, 531935, 563713, 400621, 431932, 541558, 622425]
[9, 6, 8, 3326, 255048, 264337, 264699, 264800, 278590, 287154, 287986, 288056, 288535, 288752, 288921, 370494, 386306, 386676, 386738, 386988, 401241, 401476, 441091, 447801, 490279, 490325, 490531, 507874, 514760, 531935, 563713, 400621, 431932, 541558, 622425, 563092]
[9, 6, 9, 105]
[9, 6, 10, 4703]
[9, 6, 11, 4598]
[9, 6, 12, 1377]
[9, 6, 13, 3431, 255048, 264337, 264699, 264800, 278590, 287154, 287986, 288056, 288535, 288752, 288921, 370494, 386306, 386676, 386738, 386988, 401241, 401476, 441091, 447801, 490279, 490325, 490531, 507874, 514760, 531935, 563713, 400621, 431932, 541558, 622425]
[9, 6, 14, 4703]
[9, 7, 0, 115]
[9, 7, 1, 1042, 282619, 283161, 328505, 348555, 397652, 412273, 428323, 444590, 591405]
[9, 7, 2, 425, 478431, 576546]
[9, 7, 3, 44]
[9, 7, 4, 1157, 282619, 283161, 328505, 348555, 397652, 412273, 428323, 443750, 444590, 510194, 510196, 589603, 591405, 605413]
[9, 7, 5, 540]
[9, 7, 6, 159]
[9, 7, 7, 1467, 282619, 283161, 328505, 348555, 397652, 412273, 428323, 444590, 478431, 576546, 591405]
[9, 7, 8, 1086, 282619, 283161, 328505, 348555, 397652, 412273, 428323, 444590, 591405]
[9, 7, 9, 469, 478431, 576546]
[9, 7, 10, 1582]
[9, 7, 11, 1201, 282619, 283161, 328505, 348555, 397652, 412273, 428323, 443750, 444590, 510194, 510196, 589603, 591405, 605413]
[9, 7, 12, 584]
[9, 7, 13, 1511, 282619, 283161, 328505, 348555, 397652, 412273, 428323, 444590, 478431, 576546, 591405]
[9, 7, 14, 1626]
[9, 8, 0, 1227]
[9, 8, 1, 2709, 264337, 264699, 264800, 282619, 283161, 287154, 287986, 288056, 288535, 288752, 288921, 328505, 348555, 370494, 386306, 386676, 386738, 386988, 397652, 401241, 401476, 412273, 428323, 444590, 447801, 514760, 531935, 563713, 400621, 431932, 622425, 398111]
[9, 8, 2, 139]
[9, 8, 3, 44]
[9, 8, 4, 3936]
[9, 8, 5, 1366]
[9, 8, 6, 1271]
[9, 8, 7, 2848, 264337, 264699, 264800, 282619, 283161, 287154, 287986, 288056, 288535, 288752, 288921, 328505, 348555, 370494, 386306, 386676, 386738, 386988, 397652, 401241, 401476, 412273, 428323, 444590, 447801, 514760, 531935, 563713, 400621, 398189, 431932, 622425]
[9, 8, 8, 2753, 264337, 264699, 264800, 282619, 283161, 287154, 287986, 288056, 288535, 288752, 288921, 328505, 348555, 370494, 386306, 386676, 386738, 386988, 397652, 401241, 401476, 412273, 428323, 444590, 447801, 514760, 531935, 563713, 400621, 431932, 622425, 398111]
[9, 8, 9, 183]
[9, 8, 10, 4075]
[9, 8, 11, 3980]
[9, 8, 12, 1410]
[9, 8, 13, 2892, 264337, 264699, 264800, 282619, 283161, 287154, 287986, 288056, 288535, 288752, 288921, 328505, 348555, 370494, 386306, 386676, 386738, 386988, 397652, 401241, 401476, 412273, 428323, 444590, 447801, 514760, 531935, 563713, 400621, 398189]
[9, 8, 14, 4119]
[9, 9, 0, 1116]
[9, 9, 1, 2571, 264337, 264699, 264800, 287154, 287986, 288056, 288535, 288752, 288921, 370494, 386306, 386676, 386738, 386988, 401241, 401476, 447801, 514760, 531935, 563713, 591405, 400621, 431932, 622425]
[9, 9, 2, 286, 478431, 576546]
[9, 9, 4, 3687]
[9, 9, 5, 1402]
[9, 9, 6, 1116]
[9, 9, 7, 2857, 264337, 264699, 264800, 287154, 287986, 288056, 288535, 288752, 288921, 370494, 386306, 386676, 386738, 386988, 401241, 401476, 447801, 478431, 514760, 531935, 563713, 576546, 591405, 400621]
[9, 9, 8, 2571, 264337, 264699, 264800, 287154, 287986, 288056, 288535, 288752, 288921, 370494, 386306, 386676, 386738, 386988, 401241, 401476, 447801, 514760, 531935, 563713, 591405, 400621, 431932, 622425]
[9, 9, 9, 286, 478431, 576546]
[9, 9, 10, 3973]
[9, 9, 11, 3687]
[9, 9, 12, 1402]
[9, 9, 13, 2857, 264337, 264699, 264800, 287154, 287986, 288056, 288535, 288752, 288921, 370494, 386306, 386676, 386738, 386988, 401241, 401476, 447801, 478431, 514760, 531935, 563713, 576546, 591405, 400621]
[9, 9, 14, 3973]
[9, 10, 0, 273]
[9, 10, 1, 2249, 255048, 278590, 282619, 283161, 328505, 348555, 397652, 412273, 428323, 441091, 444590, 490279, 490325, 490531, 507874, 591405, 541558, 398111]
[9, 10, 2, 530, 478431, 576546]
[9, 10, 3, 44]
[9, 10, 4, 2522, 255048, 278590, 282619, 283161, 328505, 348555, 394685, 397652, 412273, 428323, 441091, 443750, 444590, 490279, 490325, 490531, 507874, 510194, 510196, 572215, 589603, 591405, 605413]
[9, 10, 5, 803]
[9, 10, 6, 317]
[9, 10, 7, 2779, 255048, 278590, 282619, 283161, 328505, 348555, 397652, 412273, 428323, 441091, 444590, 478431, 490279, 490325, 490531, 507874, 576546, 591405]
[9, 10, 8, 2293, 255048, 278590, 282619, 283161, 328505, 348555, 397652, 412273, 428323, 441091, 444590, 490279, 490325, 490531, 507874, 591405, 541558, 398111]
[9, 10, 9, 574, 478431, 576546]
[9, 10, 10, 3052]
[9, 10, 11, 2566, 255048, 278590, 282619, 283161, 328505, 348555, 394685, 397652, 412273, 428323, 441091, 443750, 444590, 490279, 490325, 490531, 507874, 510194, 510196, 572215, 589603, 591405, 605413]
[9, 10, 12, 847]
[9, 10, 13, 2823, 255048, 278590, 282619, 283161, 328505, 348555, 397652, 412273, 428323, 441091, 444590, 478431, 490279, 490325, 490531, 507874, 576546, 591405]
[9, 10, 14, 3096]
[9, 11, 0, 1385]
[9, 11, 1, 3916, 255048, 264337, 264699, 264800, 278590, 282619, 283161, 287154, 287986, 288056, 288535, 288752, 288921, 328505, 348555, 370494, 386306, 386676, 386738, 386988, 397652, 401241, 401476, 412273, 428323, 441091, 444590, 447801, 490279, 490325, 490531, 507874, 514760, 531935, 563713, 400621, 431932, 541558, 622425, 398111]
[9, 11, 2, 244]
[9, 11, 3, 44]
[9, 11, 4, 5301]
[9, 11, 5, 1629]
[9, 11, 6, 1429]
[9, 11, 7, 4160, 255048, 264337, 264699, 264800, 278590, 282619, 283161, 287154, 287986, 288056, 288535, 288752, 288921, 328505, 348555, 370494, 386306, 386676, 386738, 386988, 397652, 401241, 401476, 412273, 428323, 441091, 444590, 447801, 490279, 490325, 490531, 507874, 514760, 531935, 563713, 400621, 398189]
[9, 11, 8, 3960, 255048, 264337, 264699, 264800, 278590, 282619, 283161, 287154, 287986, 288056, 288535, 288752, 288921, 328505, 348555, 370494, 386306, 386676, 386738, 386988, 397652, 401241, 401476, 412273, 428323, 441091, 444590, 447801, 490279, 490325, 490531, 507874, 514760, 531935, 563713, 400621, 431932, 541558, 622425, 398111]
[9, 11, 9, 288]
[9, 11, 10, 5545]
[9, 11, 11, 5345]
[9, 11, 12, 1673]
[9, 11, 13, 4204, 255048, 264337, 264699, 264800, 278590, 282619, 283161, 287154, 287986, 288056, 288535, 288752, 288921, 328505, 348555, 370494, 386306, 386676, 386738, 386988, 397652, 401241, 401476, 412273, 428323, 441091, 444590, 447801, 490279, 490325, 490531, 507874, 514760, 531935, 563713, 400621, 398189]
[9, 11, 14, 5589]
[9, 12, 0, 1274]
[9, 12, 1, 3778, 255048, 264337, 264699, 264800, 278590, 287154, 287986, 288056, 288535, 288752, 288921, 370494, 386306, 386676, 386738, 386988, 401241, 401476, 441091, 447801, 490279, 490325, 490531, 507874, 514760, 531935, 563713, 591405, 400621, 431932, 541558, 622425]
[9, 12, 2, 391, 478431, 576546]
[9, 12, 4, 5052]
[9, 12, 5, 1665]
[9, 12, 6, 1274]
[9, 12, 7, 4169, 255048, 264337, 264699, 264800, 278590, 287154, 287986, 288056, 288535, 288752, 288921, 370494, 386306, 386676, 386738, 386988, 401241, 401476, 441091, 447801, 478431, 490279, 490325, 490531, 507874, 514760, 531935, 563713, 576546, 591405, 400621]
[9, 12, 8, 3778, 255048, 264337, 264699, 264800, 278590, 287154, 287986, 288056, 288535, 288752, 288921, 370494, 386306, 386676, 386738, 386988, 401241, 401476, 441091, 447801, 490279, 490325, 490531, 507874, 514760, 531935, 563713, 591405, 400621, 431932, 541558, 622425]
[9, 12, 9, 391, 478431, 576546]
[9, 12, 10, 5443]
[9, 12, 11, 5052]
[9, 12, 12, 1665]
[9, 12, 13, 4169, 255048, 264337, 264699, 264800, 278590, 287154, 287986, 288056, 288535, 288752, 288921, 370494, 386306, 386676, 386738, 386988, 401241, 401476, 441091, 447801, 478431, 490279, 490325, 490531, 507874, 514760, 531935, 563713, 576546, 591405, 400621]
[9, 12, 14, 5443]
[9, 13, 0, 1229]
[9, 13, 1, 3161, 264337, 264699, 264800, 282619, 283161, 287154, 287986, 288056, 288535, 288752, 288921, 328505, 348555, 370494, 386306, 386676, 386738, 386988, 397652, 401241, 401476, 412273, 428323, 444590, 447801, 514760, 531935, 563713, 591405, 400621]
[9, 13, 2, 425, 478431, 576546]
[9, 13, 3, 44]
[9, 13, 4, 4390]
[9, 13, 5, 1654]
[9, 13, 6, 1273]
[9, 13, 7, 3586, 264337, 264699, 264800, 282619, 283161, 287154, 287986, 288056, 288535, 288752, 288921, 328505, 348555, 370494, 386306, 386676, 386738, 386988, 397652, 401241, 401476, 412273, 428323, 444590, 447801, 478431, 514760, 531935, 563713, 576546, 591405, 400621]
[9, 13, 8, 3205, 264337, 264699, 264800, 282619, 283161, 287154, 287986, 288056, 288535, 288752, 288921, 328505, 348555, 370494, 386306, 386676, 386738, 386988, 397652, 401241, 401476, 412273, 428323, 444590, 447801, 514760, 531935, 563713, 591405, 400621]
[9, 13, 9, 469, 478431, 576546]
[9, 13, 10, 4815]
[9, 13, 11, 4434]
[9, 13, 12, 1698]
[9, 13, 13, 3630, 264337, 264699, 264800, 282619, 283161, 287154, 287986, 288056, 288535, 288752, 288921, 328505, 348555, 370494, 386306, 386676, 386738, 386988, 397652, 401241, 401476, 412273, 428323, 444590, 447801, 478431, 514760, 531935, 563713, 576546, 591405, 400621]
[9, 13, 14, 4859]
[9, 14, 0, 1387]
[9, 14, 1, 4368, 255048, 264337, 264699, 264800, 278590, 282619, 283161, 287154, 287986, 288056, 288535, 288752, 288921, 328505, 348555, 370494, 386306, 386676, 386738, 386988, 397652, 401241, 401476, 412273, 428323, 441091, 444590, 447801, 490279, 490325, 490531, 507874, 514760, 531935, 563713, 591405, 400621, 431932, 541558, 622425]
[9, 14, 2, 530, 478431, 576546]
[9, 14, 3, 44]
[9, 14, 4, 5755]
[9, 14, 5, 1917]
[9, 14, 6, 1431]
[9, 14, 7, 4898, 255048, 264337, 264699, 264800, 278590, 282619, 283161, 287154, 287986, 288056, 288535, 288752, 288921, 328505, 348555, 370494, 386306, 386676, 386738, 386988, 397652, 401241, 401476, 412273, 428323, 441091, 444590, 447801, 478431, 490279, 490325, 490531, 507874, 514760, 531935, 563713, 576546, 591405, 400621]
[9, 14, 8, 4412, 255048, 264337, 264699, 264800, 278590, 282619, 283161, 287154, 287986, 288056, 288535, 288752, 288921, 328505, 348555, 370494, 386306, 386676, 386738, 386988, 397652, 401241, 401476, 412273, 428323, 441091, 444590, 447801, 490279, 490325, 490531, 507874, 514760, 531935, 563713, 591405, 400621, 431932, 541558, 622425]
[9, 14, 9, 574, 478431, 576546]
[9, 14, 10, 6285]
[9, 14, 11, 5799]
[9, 14, 12, 1961]
[9, 14, 13, 4942, 255048, 264337, 264699, 264800, 278590, 282619, 283161, 287154, 287986, 288056, 288535, 288752, 288921, 328505, 348555, 370494, 386306, 386676, 386738, 386988, 397652, 401241, 401476, 412273, 428323, 441091, 444590, 447801, 478431, 490279, 490325, 490531, 507874, 514760, 531935, 563713, 576546, 591405, 400621]
[9, 14, 14, 6329]
